1 3000 500
7115
7168
7220
7273
7314
7355
7404
7436
7471
7500
7530
7552
7578
7598
7618
7638
7646
7660
7664
7676
7683
7688
7690
7689
7692
7692
7687
7686
7680
7676
7671
7664
7653
7651
7640
7632
7621
7614
7603
7596
7584
7575
7562
7550
7543
7530
7521
7511
7502
7490
7479
7467
7458
7448
7434
7428
7419
7407
7400
7386
7374
7364
7356
7349
7337
7328
7319
7302
7292
7290
7281
7269
7260
7250
7236
7228
7212
7206
7196
7184
7175
7167
7155
7142
7128
7115
7102
7092
7082
7066
7056
7039
7022
7006
6989
6969
6955
6935
6915
6896
6873
6850
6826
6803
6779
6759
6734
6708
6684
6664
6643
6616
6598
6583
6554
6536
6515
6498
6472
6463
6444
6426
6412
6399
6386
6372
6362
6350
6339
6330
6320
6310
6302
6290
6282
6277
6271
6265
6265
6263
6256
6254
6250
6250
6252
6248
6250
6247
6249
6246
6247
6248
6249
6247
6251
6249
6258
6259
6258
6260
6258
6263
6265
6266
6271
6270
6268
6273
6274
6269
6278
6276
6275
6280
6279
6274
6272
6266
6264
6266
6261
6256
6255
6248
6245
6240
6234
6235
6230
6222
6222
6212
6203
6194
6188
6183
6179
6170
6164
6158
6146
6140
6133
6128
6119
6110
6107
6096
6088
6076
6070
6066
6062
6056
6047
6040
6031
6020
6014
6008
6004
5992
5989
5975
5970
5962
5955
5948
5938
5930
5926
5917
5911
5900
5890
5879
5868
5866
5864
5853
5855
5843
5831
5824
5812
5807
5804
5797
5788
5783
5774
5770
5760
5752
5747
5738
5730
5723
5719
5710
5699
5694
5687
5682
5676
5667
5662
5655
5648
5642
5635
5633
5631
5621
5618
5607
5603
5599
5591
5590
5586
5579
5574
5566
5559
5554
5553
5548
5538
5534
5530
5528
5518
5514
5511
5506
5505
5500
5492
5488
5481
5474
5472
5471
5466
5463
5458
5456
5450
5444
5444
5436
5434
5432
5428
5427
5417
5412
5411
5402
5399
5400
5397
5394
5392
5388
5384
5381
5380
5374
5371
5368
5363
5359
5352
5348
5347
5343
5341
5339
5330
5323
5316
5313
5306
5303
5299
5292
5290
5279
5274
5272
5264
5262
5255
5248
5246
5244
5240
5234
5228
5228
5227
5226
5230
5229
5230
5235
5239
5250
5264
5278
5298
5321
5351
5387
5422
5460
5503
5552
5604
5658
5712
5771
5827
5887
5949
6019
6087
6158
6226
6293
6357
6430
6498
6568
6639
6704
6775
6840
6900
6966
7026
7082
7140
7200
7248
7296
7342
7386
7428
7466
7500
7534
7564
7596
7620
7639
7662
7678
7689
7706
7714
7725
7732
7736
7736
7739
7743
7742
7746
7744
7738
7736
7730
7726
7724
7718
7712
7704
7696
7686
7680
7664
7660
7652
7644
7637
7628
7621
7610
7600
7596
7588
7580
7570
7562
7552
7545
7534
7523
7518
7500
7496
7489
7482
7475
7463
7447
7440
7432
7424
7414
7406
7398
7386
7370
7360
7348
7338
7331
7319
7308
7296
7282
7270
7261
7248
7239
7231
7216
7204
7193
7178
7166
7154
7138
7126
7106
7092
7074
7059
7042
7027
7004
6986
6962
6938
6920
6898
6874
6853
6828
6804
6783
6759
6736
6716
6690
6664
6643
6625
6600
6582
6564
6543
6523
6504
6488
6472
6457
6442
6426
6414
6399
6390
6378
6368
6363
6348
6341
6332
6322
6311
6310
6300
6300
6296
6290
6288
6283
6278
6274
6274
6272
6273
6274
6272
6275
6270
6271
6272
6276
6276
6280
6282
6279
6277
6277
6275
6277
6286
6282
6284
6282
6283
6282
6283
6281
6282
6287
6290
6284
6284
6282
6279
6282
6275
6268
6268
6268
6260
6256
6249
6247
6241
6236
6232
6224
6218
6212
6207
6198
6190
6187
6179
6176
6168
6158
6151
6146
6137
6131
6124
6115
6111
6103
6093
6083
6078
6074
6071
6061
6048
6042
6032
6027
6020
6010
6006
5999
5992
5987
5976
5964
5956
5948
5942
5932
5925
5923
5914
5908
5898
5889
5884
5878
5871
5862
5850
5844
5835
5826
5817
5816
5808
5804
5791
5785
5775
5763
5762
5754
5747
5740
5732
5724
5721
5708
5702
5696
5685
5682
5678
5669
5664
5655
5648
5640
5640
5630
5628
5622
5615
5611
5607
5594
5588
5586
5580
5576
5570
5560
5559
5552
5546
5540
5540
5532
5530
5522
5517
5511
5505
5502
5496
5492
5485
5486
5482
5470
5469
5466
5460
5457
5454
5456
5452
5447
5444
5436
5430
5430
5426
5424
5419
5414
5412
5408
5406
5400
5396
5394
5392
5390
5385
5380
5379
5378
5370
5368
5366
5359
5355
5352
5347
5349
5344
5337
5333
5326
5323
5317
5311
5310
5303
5296
5290
5283
5278
5274
5271
5265
5260
5253
5250
5242
5238
5238
5230
5227
5224
5223
5222
5216
5211
5215
5213
5216
5226
5232
5241
5253
5270
5290
5314
5346
5380
5415
5458
5500
5546
5597
5648
5708
5768
5827
5892
5958
6024
6088
6154
6224
6295
6362
6438
6505
6578
6643
6706
6776
6842
6907
6974
7031
7090
7150
7198
7248
7294
7343
7384
7433
7464
7500
7530
7559
7582
7606
7626
7648
7664
7677
7693
7704
7715
7720
7719
7730
7731
7736
7733
7727
7726
7723
7715
7714
7704
7703
7690
7687
7679
7668
7666
7659
7650
7643
7630
7620
7612
7600
7591
7586
7577
7568
7561
7554
7539
7532
7526
7514
7508
7504
7498
7487
7472
7465
7455
7445
7440
7431
7422
7411
7403
7388
7378
7367
7355
7349
7338
7326
7312
7304
7292
7275
7267
7258
7244
7235
7226
7211
7200
7189
7175
7162
7152
7137
7127
7108
7093
7084
7068
7050
7030
7010
6994
6976
6950
6926
6903
6883
6862
6839
6823
6798
6770
6745
6722
6702
6680
6661
6639
6619
6596
6578
6562
6538
6522
6506
6488
6476
6462
6442
6429
6410
6400
6390
6383
6374
6362
6351
6341
6334
6324
6320
6312
6308
6304
6295
6293
6284
6282
6282
6280
6280
6279
6276
6276
6274
6277
6282
6278
6281
6283
6286
6286
6288
6293
6290
6293
6296
6300
6300
6299
6300
6303
6302
6307
6306
6306
6308
6314
6311
6307
6308
6307
6304
6306
6306
6302
6296
6295
6287
6282
6280
6276
6272
6268
6260
6260
6251
6241
6239
6231
6226
6222
6214
6206
6202
6192
6188
6183
6176
6171
6160
6154
6146
6138
6131
6122
6114
6108
6103
6096
6085
6080
6070
6067
6060
6050
6047
6036
6028
6019
6011
6008
6002
5994
5986
5976
5968
5960
5954
5947
5936
5932
5922
5913
5904
5896
5890
5884
5878
5868
5863
5856
5848
5840
5830
5822
5815
5808
5803
5794
5787
5779
5774
5764
5761
5752
5748
5742
5733
5725
5722
5712
5702
5695
5689
5684
5679
5675
5667
5666
5658
5652
5650
5641
5637
5628
5623
5618
5610
5607
5600
5595
5594
5584
5584
5572
5566
5564
5562
5556
5554
5548
5542
5539
5530
5530
5527
5519
5516
5514
5511
5506
5502
5499
5494
5490
5484
5485
5479
5474
5468
5466
5464
5464
5462
5458
5456
5448
5447
5444
5440
5440
5440
5436
5436
5428
5424
5422
5414
5414
5410
5408
5410
5399
5396
5391
5384
5382
5380
5376
5370
5364
5360
5353
5346
5342
5338
5335
5334
5324
5315
5312
5304
5304
5304
5300
5296
5292
5288
5285
5280
5277
5269
5272
5273
5274
5276
5276
5280
5287
5298
5317
5338
5358
5385
5414
5444
5486
5525
5571
5622
5672
5730
5781
5843
5902
5966
6030
6096
6158
6232
6300
6371
6436
6508
6576
6647
6718
6786
6851
6912
6970
7030
7092
7147
7207
7255
7306
7350
7394
7434
7472
7508
7539
7570
7602
7626
7647
7664
7678
7692
7708
7720
7726
7728
7735
7733
7739
7738
7734
7732
7727
7723
7723
7714
7704
7700
7689
7680
7674
7667
7659
7646
7631
7622
7614
7604
7598
7581
7567
7562
7546
7536
7524
7512
7506
7500
7487
7477
7468
7457
7447
7435
7422
7410
7404
7396
7386
7373
7366
7354
7347
7338
7328
7322
7312
7300
7286
7276
7266
7259
7246
7239
7228
7217
7206
7194
7182
7172
7160
7151
7138
7124
7107
7091
7077
7066
7047
7028
7015
6996
6972
6951
6930
6906
6888
6860
6843
6821
6792
6770
6746
6719
6700
6683
6654
6636
6612
6586
6567
6546
6528
6516
6498
6482
6467
6454
6435
6419
6410
6396
6386
6376
6368
6357
6346
6338
6330
6326
6320
6314
6314
6306
6300
6300
6299
6295
6300
6295
6298
6299
6296
6300
6299
6298
6304
6307
6310
6312
6312
6314
6320
6325
6327
6331
6333
6337
6340
6339
6337
6339
6342
6346
6346
6346
6347
6352
6350
6350
6346
6341
6342
6339
6337
6330
6327
6327
6316
6314
6311
6308
6302
6302
6296
6284
6280
6274
6269
6263
6254
6250
6241
6231
6224
6218
6212
6204
6197
6194
6186
6174
6167
6158
6151
6144
6136
6134
6120
6112
6106
6098
6090
6086
6075
6068
6064
6055
6050
6038
6028
6025
6016
6008
6004
5992
5980
5975
5966
5959
5956
5948
5941
5932
5923
5915
5906
5897
5894
5883
5878
5869
5866
5854
5842
5834
5828
5822
5818
5808
5802
5792
5783
5778
5772
5763
5754
5746
5742
5735
5730
5724
5717
5707
5700
5695
5694
5684
5678
5668
5663
5659
5652
5646
5642
5632
5624
5619
5608
5605
5608
5600
5595
5590
5580
5578
5575
5567
5564
5559
5552
5551
5549
5542
5538
5532
5527
5527
5525
5520
5516
5512
5507
5506
5505
5499
5496
5491
5490
5482
5477
5476
5471
5473
5469
5463
5464
5456
5452
5452
5448
5443
5443
5436
5431
5426
5425
5420
5412
5414
5406
5402
5399
5392
5383
5380
5373
5365
5363
5362
5352
5345
5339
5332
5324
5320
5315
5310
5307
5302
5298
5291
5290
5281
5282
5282
5280
5280
5282
5282
5284
5296
5302
5317
5336
5354
5380
5410
5442
5479
5520
5562
5610
5658
5710
5766
5822
5881
5944
6003
6075
6134
6207
6272
6336
6407
6475
6544
6614
6682
6751
6817
6878
6943
7000
7064
7119
7178
7234
7283
7332
7375
7418
7460
7495
7532
7562
7589
7616
7636
7655
7678
7692
7702
7719
7730
7740
7750
7751
7751
7756
7755
7758
7756
7754
7752
7745
7738
7731
7723
7714
7711
7704
7698
7688
7680
7670
7660
7650
7642
7632
7624
7616
7600
7592
7583
7572
7566
7559
7547
7536
7524
7512
7498
7488
7479
7474
7462
7452
7442
7425
7417
7407
7396
7391
7378
7367
7356
7344
7333
7323
7308
7302
7290
7277
7269
7256
7244
7237
7228
7216
7204
7190
7177
7166
7148
7134
7123
7110
7096
7083
7063
7046
7030
7009
6990
6971
6955
6930
6907
6881
6856
6832
6807
6780
6758
6736
6719
6692
6667
6640
6620
6599
6578
6559
6546
6520
6504
6485
6470
6455
6436
6427
6410
6396
6383
6366
6356
6345
6337
6330
6324
6314
6309
6305
6296
6292
6291
6284
6278
6276
6275
6270
6264
6264
6266
6264
6268
6266
6263
6266
6268
6263
6266
6267
6270
6278
6272
6274
6274
6280
6282
6286
6284
6284
6285
6284
6285
6284
6280
6286
6284
6286
6284
6280
6277
6274
6274
6274
6268
6262
6261
6258
6251
6250
6242
6236
6234
6226
6218
6213
6208
6202
6197
6188
6180
6172
6166
6160
6150
6144
6136
6128
6117
6112
6103
6098
6094
6082
6074
6068
6058
6054
6050
6038
6034
6028
6014
6006
5997
5988
5980
5976
5967
5958
5953
5948
5936
5930
5922
5912
5906
5901
5890
5879
5872
5863
5854
5848
5837
5838
5832
5815
5808
5800
5792
5787
5780
5772
5764
5752
5748
5733
5726
5724
5715
5712
5706
5695
5688
5680
5672
5670
5664
5659
5652
5646
5637
5630
5620
5616
5616
5609
5604
5596
5586
5583
5574
5570
5572
5566
5555
5552
5540
5537
5538
5530
5522
5518
5512
5511
5507
5498
5491
5484
5481
5478
5471
5467
5464
5455
5452
5450
5445
5442
5439
5431
5430
5424
5415
5418
5410
5407
5401
5399
5393
5394
5386
5380
5380
5372
5372
5367
5362
5363
5356
5358
5351
5348
5344
5338
5340
5334
5330
5326
5324
5321
5317
5318
5311
5310
5306
5300
5294
5290
5286
5276
5274
5276
5270
5264
5262
5250
5248
5244
5235
5235
5230
5224
5215
5214
5205
5196
5196
5190
5190
5185
5179
5178
5168
5168
5167
5164
5165
5170
5169
5170
5178
5189
5200
5215
5234
5260
5284
5315
5350
5392
5436
5478
5531
5587
5642
5701
5762
5824
5887
5954
6023
6090
6160
6232
6298
6363
6439
6507
6579
6649
6718
6784
6848
6914
6973
7031
7093
7148
7205
7255
7301
7344
7388
7431
7466
7500
7534
7558
7582
7606
7623
7642
7661
7675
7686
7696
7705
7707
7711
7714
7718
7720
7719
7716
7708
7703
7695
7692
7687
7683
7676
7669
7664
7655
7646
7634
7625
7620
7608
7602
7591
7580
7574
7560
7554
7547
7536
7528
7519
7509
7504
7496
7484
7476
7466
7457
7450
7442
7428
7422
7411
7402
7391
7386
7376
7365
7356
7338
7328
7320
7307
7297
7283
7274
7266
7256
7242
7226
7218
7206
7198
7184
7172
7162
7148
7136
7120
7109
7098
7078
7066
7048
7033
7014
6995
6980
6962
6944
6924
6906
6876
6852
6830
6806
6784
6758
6736
6709
6682
6656
6636
6608
6588
6569
6546
6522
6504
6479
6462
6444
6426
6407
6395
6382
6364
6351
6334
6318
6310
6298
6287
6278
6273
6262
6256
6248
6237
6236
6230
6224
6224
6216
6215
6211
6206
6204
6205
6205
6202
6200
6199
6198
6199
6200
6201
6206
6206
6206
6205
6207
6208
6211
6210
6215
6214
6212
6213
6214
6214
6215
6216
6218
6218
6224
6216
6212
6210
6205
6207
6209
6206
6203
6198
6192
6188
6187
6180
6175
6170
6162
6156
6150
6149
6139
6132
6130
6122
6119
6112
6107
6100
6088
6079
6076
6068
6060
6051
6047
6037
6026
6018
6008
6004
5999
5990
5984
5976
5968
5960
5954
5946
5938
5934
5923
5912
5908
5903
5893
5886
5879
5870
5860
5857
5854
5842
5831
5826
5814
5806
5799
5796
5784
5776
5767
5754
5749
5743
5736
5730
5724
5714
5704
5702
5696
5686
5678
5672
5662
5657
5649
5645
5632
5631
5621
5616
5608
5600
5590
5588
5582
5576
5573
5562
5557
5548
5542
5538
5530
5526
5518
5516
5510
5506
5498
5490
5484
5480
5476
5472
5467
5462
5452
5445
5443
5442
5435
5428
5424
5420
5420
5413
5405
5404
5399
5388
5387
5387
5382
5376
5366
5362
5360
5354
5353
5351
5346
5346
5343
5335
5331
5324
5321
5318
5316
5315
5310
5307
5304
5298
5298
5292
5292
5290
5283
5284
5278
5275
5274
5271
5272
5269
5264
5259
5255
5253
5253
5252
5250
5247
5240
5234
5226
5224
5220
5217
5214
5209
5202
5198
5194
5186
5182
5178
5174
5168
5168
5152
5151
5146
5140
5139
5138
5132
5130
5125
5123
5122
5119
5118
5122
5117
5120
5129
5134
5143
5160
5179
5204
5228
5256
5291
5328
5368
5420
5464
5514
5575
5624
5692
5753
5813
5880
5942
6010
6083
6151
6226
6291
6359
6425
6492
6568
6635
6700
6768
6831
6894
6956
7010
7068
7126
7177
7223
7271
7315
7357
7394
7425
7458
7487
7514
7536
7560
7575
7590
7604
7614
7625
7637
7639
7648
7648
7644
7649
7642
7640
7639
7636
7631
7623
7618
7607
7606
7595
7588
7577
7571
7564
7552
7540
7534
7522
7510
7504
7491
7483
7472
7464
7450
7434
7431
7419
7406
7399
7392
7380
7374
7356
7347
7346
7332
7326
7324
7306
7292
7286
7274
7260
7256
7244
7234
7224
7209
7199
7188
7176
7172
7164
7148
7140
7125
7111
7098
7088
7077
7068
7054
7042
7024
7008
6999
6984
6972
6957
6941
6924
6902
6882
6858
6840
6817
6798
6777
6755
6732
6709
6682
6660
6638
6614
6591
6567
6545
6524
6504
6480
6460
6440
6423
6407
6390
6368
6355
6336
6324
6314
6299
6284
6275
6266
6258
6250
6238
6232
6224
6219
6214
6208
6201
6197
6190
6190
6187
6188
6192
6188
6190
6190
6188
6188
6191
6188
6195
6202
6202
6206
6204
6211
6215
6220
6222
6228
6229
6232
6236
6239
6237
6242
6243
6247
6246
6245
6246
6244
6244
6245
6246
6243
6247
6244
6240
6240
6234
6232
6228
6224
6216
6211
6203
6200
6192
6191
6181
6174
6170
6161
6152
6150
6140
6135
6130
6122
6117
6112
6102
6094
6084
6081
6071
6066
6057
6046
6040
6034
6024
6015
6006
6002
5996
5990
5986
5971
5964
5959
5952
5946
5936
5928
5924
5913
5909
5896
5889
5884
5872
5871
5860
5851
5842
5832
5824
5820
5809
5803
5798
5790
5779
5774
5766
5756
5750
5742
5738
5734
5727
5714
5706
5696
5687
5682
5677
5669
5662
5656
5644
5639
5632
5624
5620
5612
5603
5598
5588
5582
5576
5571
5563
5562
5556
5550
5543
5536
5534
5525
5524
5516
5515
5508
5502
5498
5494
5488
5486
5478
5476
5472
5466
5462
5455
5451
5448
5444
5442
5436
5429
5431
5424
5418
5418
5413
5411
5408
5402
5400
5400
5394
5390
5386
5380
5380
5376
5374
5372
5364
5360
5356
5356
5360
5354
5352
5347
5340
5336
5335
5328
5324
5322
5318
5316
5310
5299
5296
5292
5289
5286
5276
5271
5266
5256
5252
5247
5243
5242
5239
5231
5228
5220
5214
5213
5210
5210
5207
5200
5196
5194
5192
5192
5196
5200
5208
5218
5234
5250
5275
5302
5328
5362
5399
5442
5488
5532
5579
5631
5687
5746
5805
5866
5932
5995
6060
6122
6193
6262
6329
6400
6466
6531
6602
6666
6734
6798
6862
6924
6984
7039
7092
7143
7189
7236
7282
7320
7366
7400
7436
7458
7486
7511
7534
7554
7567
7583
7593
7600
7607
7613
7620
7622
7625
7624
7623
7620
7611
7607
7600
7589
7580
7578
7566
7559
7547
7538
7523
7516
7506
7492
7483
7468
7454
7448
7431
7421
7408
7396
7385
7378
7368
7350
7338
7328
7318
7306
7294
7286
7271
7263
7254
7241
7232
7228
7215
7205
7190
7176
7165
7152
7142
7132
7125
7112
7098
7088
7076
7062
7047
7042
7032
7014
7004
6989
6975
6962
6948
6934
6920
6904
6893
6877
6855
6838
6815
6798
6779
6762
6740
6717
6695
6670
6646
6628
6600
6576
6556
6534
6512
6491
6467
6448
6431
6413
6394
6376
6356
6335
6320
6306
6292
6276
6263
6251
6238
