1 3000 500
6224
6215
6207
6194
6190
6182
6174
6168
6161
6158
6150
6144
6143
6141
6142
6136
6133
6130
6130
6130
6129
6132
6130
6130
6134
6134
6132
6138
6138
6142
6150
6152
6149
6154
6157
6155
6156
6156
6160
6166
6164
6167
6168
6164
6167
6167
6167
6171
6172
6168
6167
6162
6154
6160
6154
6148
6147
6142
6138
6134
6128
6121
6120
6113
6106
6104
6096
6089
6082
6071
6066
6062
6052
6047
6039
6028
6022
6014
6005
6000
5993
5982
5978
5969
5959
5954
5948
5938
5932
5928
5918
5914
5903
5891
5888
5884
5874
5866
5862
5848
5844
5835
5827
5824
5815
5804
5796
5792
5786
5778
5770
5763
5756
5747
5742
5736
5726
5720
5709
5700
5696
5690
5686
5679
5672
5663
5654
5646
5635
5631
5624
5619
5616
5608
5598
5594
5584
5579
5572
5566
5560
5554
5543
5538
5530
5527
5521
5517
5512
5502
5496
5490
5485
5479
5474
5471
5462
5458
5450
5442
5439
5437
5430
5426
5421
5414
5414
5407
5398
5394
5390
5388
5384
5382
5376
5372
5364
5358
5352
5352
5349
5346
5340
5335
5328
5324
5318
5317
5317
5311
5310
5307
5296
5298
5293
5285
5288
5282
5278
5280
5271
5270
5267
5261
5256
5258
5253
5251
5247
5241
5236
5234
5225
5226
5222
5218
5216
5206
5198
5194
5186
5182
5179
5177
5175
5170
5158
5154
5151
5144
5146
5139
5134
5129
5124
5119
5118
5119
5116
5117
5114
5110
5112
5114
5122
5130
5140
5154
5175
5195
5223
5254
5286
5325
5368
5415
5467
5520
5576
5634
5697
5758
5820
5890
5954
6021
6089
6160
6229
6299
6372
6446
6516
6583
6648
6719
6782
6844
6911
6970
7028
7088
7142
7188
7238
7282
7324
7366
7402
7442
7468
7498
7527
7547
7563
7588
7604
7612
7626
7636
7642
7650
7655
7658
7658
7656
7658
7653
7651
7646
7640
7630
7629
7627
7618
7610
7604
7596
7586
7574
7571
7560
7550
7541
7536
7526
7515
7507
7496
7490
7480
7472
7462
7452
7443
7431
7424
7416
7407
7400
7391
7380
7370
7358
7351
7342
7331
7320
7310
7304
7294
7278
7270
7258
7247
7240
7231
7219
7210
7195
7188
7176
7162
7150
7143
7128
7116
7104
7090
7077
7068
7051
7043
7028
7011
6996
6982
6962
6948
6932
6910
6886
6869
6850
6833
6808
6787
6764
6739
6718
6696
6676
6647
6626
6606
6582
6560
6538
6515
6500
6477
6456
6438
6420
6407
6390
6375
6357
6346
6329
6313
6298
6291
6284
6274
6268
6256
6250
6240
6232
6231
6224
6219
6216
6213
6208
6205
6204
6196
6196
6197
6196
6194
6194
6193
6194
6196
6192
6192
6196
6196
6201
6204
6204
6202
6204
6204
6208
6211
6211
6212
6216
6212
6215
6216
6215
6216
6212
6211
6210
6210
6203
6204
6200
6194
6192
6190
6186
6179
6174
6170
6168
6164
6160
6154
6144
6142
6135
6127
6122
6114
6109
6104
6091
6089
6086
6074
6069
6062
6051
6049
6039
6025
6021
6010
6006
5996
5991
5986
5978
5967
5959
5954
5946
5940
5935
5926
5917
5911
5898
5895
5887
5876
5872
5868
5856
5853
5844
5829
5826
5816
5812
5802
5795
5788
5779
5770
5760
5754
5751
5746
5735
5728
5718
5710
5704
5697
5692
5686
5674
5668
5659
5650
5645
5638
5632
5624
5616
5611
5608
5599
5592
5584
5582
5576
5570
5567
5563
5556
5546
5539
5536
5528
5526
5518
5514
5506
5501
5492
5492
5484
5476
5471
5466
5462
5460
5451
5447
5443
5438
5433
5430
5429
5417
5411
5406
5403
5397
5395
5388
5388
5382
5375
5372
5372
5367
5364
5358
5358
5351
5346
5339
5332
5334
5332
5331
5324
5318
5314
5314
5308
5306
5304
5299
5298
5295
5290
5284
5285
5282
5278
5275
5272
5271
5264
5258
5256
5248
5246
5244
5240
5238
5232
5226
5221
5215
5216
5212
5207
5203
5195
5187
5179
5175
5168
5164
5161
5156
5148
5144
5139
5137
5131
5130
5132
5130
5130
5127
5125
5126
5132
5138
5149
5160
5175
5196
5213
5246
5271
5305
5348
5394
5439
5493
5548
5600
5661
5719
5780
5844
5915
5982
6052
6122
6190
6259
6330
6405
6471
6540
6610
6680
6743
6812
6878
6940
6996
7056
7117
7170
7220
7269
7312
7355
7396
7436
7469
7498
7525
7546
7570
7589
7608
7625
7636
7648
7658
7665
7668
7675
7676
7676
7677
7674
7670
7666
7662
7650
7652
7647
7639
7640
7626
7619
7611
7596
7590
7586
7574
7567
7553
7544
7535
7528
7521
7511
7501
7495
7482
7474
7466
7452
7444
7436
7423
7415
7407
7394
7386
7376
7366
7354
7346
7335
7326
7316
7306
7296
7286
7275
7263
7256
7248
7235
7226
7214
7200
7191
7181
7171
7160
7151
7142
7126
7111
7100
7086
7071
7061
7050
7034
7018
7000
6987
6970
6954
6938
6919
6899
6878
6857
6833
6810
6788
6766
6743
6722
6698
6674
6648
6626
6606
6584
6564
6544
6521
6498
6477
6457
6442
6426
6410
6396
6382
6366
6350
6337
6324
6316
6303
6296
6287
6277
6266
6256
6250
6244
6242
6236
6234
6230
6224
6222
6218
6214
6214
6212
6210
6216
6212
6210
6214
6211
6213
6215
6214
6219
6216
6219
6216
6220
6222
6222
6228
6227
6228
6232
6228
6229
6227
6227
6230
6235
6232
6231
6231
6225
6225
6226
6221
6220
6218
6210
6210
6204
6202
6200
6195
6186
6184
6178
6170
6164
6158
6149
6151
6142
6139
6132
6122
6116
6107
6098
6094
6086
6080
6072
6064
6055
6050
6045
6038
6027
6021
6013
6010
6002
5991
5986
5974
5967
5962
5954
5952
5940
5929
5922
5916
5907
5900
5894
5887
5879
5871
5866
5856
5850
5845
5836
5830
5826
5814
5810
5797
5791
5787
5781
5772
5767
5755
5748
5743
5733
5726
5721
5710
5706
5702
5690
5684
5680
5672
5670
5666
5658
5655
5645
5634
5628
5618
5616
5614
5607
5603
5595
5591
5586
5576
5572
5568
5564
5560
5554
5551
5543
5535
5538
5530
5525
5520
5512
5510
5501
5497
5490
5488
5482
5475
5478
5476
5467
5464
5454
5451
5450
5444
5442
5434
5431
5427
5421
5418
5417
5414
5413
5407
5406
5402
5397
5392
5390
5387
5386
5383
5378
5376
5370
5369
5366
5362
5358
5360
5354
5349
5342
5336
5333
5330
5330
5326
5320
5313
5309
5308
5304
5300
5300
5292
5290
5284
5275
5274
5264
5260
5259
5251
5251
5246
5238
5237
5232
5232
5226
5223
5220
5215
5213
5212
5208
5206
5210
5209
5219
5224
5232
5240
5258
5276
5299
5327
5357
5392
5434
5470
5518
5563
5615
5672
5734
5790
5854
5914
5980
6048
6114
6183
6256
6322
6393
6462
6527
6599
6661
6732
6804
6864
6927
6992
7047
7104
7159
7212
7267
7312
7358
7398
7432
7471
7500
7530
7564
7588
7608
7626
7645
7661
7673
7682
7695
7698
7705
7711
7712
7712
7709
7702
7703
7700
7696
7692
7687
7674
7669
7658
7651
7642
7635
7626
7618
7608
7596
7584
7573
7567
7558
7549
7539
7528
7518
7506
7495
7484
7474
7466
7457
7448
7436
7426
7418
7408
7399
7388
7381
7371
7360
7350
7339
7326
7316
7308
7296
7286
7279
7264
7256
7244
7233
7225
7213
7202
7192
7182
7172
7158
7146
7131
7122
7110
7100
7084
7068
7055
7038
7026
7012
6994
6978
6957
6934
6917
6894
6875
6850
6830
6810
6784
6762
6740
6715
6688
6668
6647
6627
6604
6584
6564
6545
6528
6508
6495
6477
6464
6444
6431
6412
6402
6388
6375
6369
6356
6354
6339
6328
6323
6316
6315
6309
6302
6300
6296
6291
6288
6284
6287
6291
6290
6289
6289
6288
6288
6288
6288
6294
6295
6301
6304
6307
6307
6312
6312
6320
6323
6328
6334
6332
6334
6338
6339
6338
6348
6345
6343
6344
6345
6344
6344
6342
6342
6340
6340
6340
6335
6329
6325
6320
6316
6308
6306
6303
6295
6288
6280
6275
6269
6263
6256
6246
6247
6238
6228
6221
6216
6212
6205
6197
6187
6181
6170
6164
6156
6148
6141
6136
6130
6124
6114
6107
6098
6088
6084
6079
6068
6059
6055
6046
6034
6028
6024
6012
6010
6007
5996
5988
5981
5975
5965
5956
5946
5942
5936
5930
5917
5907
5900
5893
5882
5879
5870
5858
5852
5845
5838
5836
5826
5819
5811
5802
5796
5791
5783
5781
5770
5762
5756
5749
5742
5734
5725
5718
5714
5711
5704
5698
5687
5681
5674
5669
5663
5656
5653
5647
5641
5632
5630
5624
5622
5618
5615
5613
5604
5601
5591
5584
5583
5576
5575
5571
5571
5567
5557
5556
5550
5543
5540
5540
5535
5531
5527
5520
5518
5515
5514
5511
5510
5506
5499
5496
5490
5489
5484
5484
5479
5474
5471
5464
5458
5454
5453
5448
5445
5435
5439
5433
5426
5424
5422
5415
5408
5399
5393
5388
5380
5380
5374
5366
5364
5358
5356
5350
5339
5335
5335
5331
5331
5324
5319
5317
5308
5307
5309
5307
5310
5316
5319
5326
5334
5356
5373
5398
5426
5455
5488
5526
5566
5612
5658
5712
5765
5816
5876
5938
6000
6068
6132
6196
6267
6336
6408
6476
6548
6613
6682
6749
6816
6884
6948
7012
7071
7130
7186
7235
7292
7342
7389
7436
7470
7507
7545
7576
7606
7634
7661
7679
7700
7711
7722
7736
7742
7752
7764
7764
7767
7767
7765
7760
7757
7752
7749
7744
7738
7728
7723
7710
7703
7692
7684
7674
7664
7653
7644
7628
7620
7609
7595
7586
7576
7564
7557
7544
7531
7524
7512
7494
7486
7478
7464
7454
7440
7432
7419
7406
7400
7390
7378
7372
7356
7344
7332
7324
7317
7308
7296
7284
7274
7265
7254
7242
7234
7218
7210
7202
7188
7169
7158
7148
7135
7122
7109
7094
7080
7066
7048
7028
7010
6994
6978
6962
6944
6916
6894
6870
6851
6821
6807
6780
6758
6737
6706
6686
6660
6640
6616
6594
6578
6556
6538
6520
6501
6483
6472
6454
6439
6425
6410
6396
6378
6367
6364
6352
6344
6334
6324
6315
6312
6308
6303
6298
6298
6292
6285
6284
6280
6277
6278
6276
6275
6278
6277
6276
6276
6275
6282
6281
6284
6286
6288
6290
6289
6287
6288
6292
6297
6296
6300
6301
6298
6299
6299
6298
6304
6303
6302
6302
6303
6303
6298
6296
6295
6288
6287
6290
6282
6276
6273
6263
6263
6259
6252
6248
6237
6230
6224
6216
6213
6206
6195
6187
6177
6172
6164
6158
6151
6144
6138
6130
6122
6114
6102
6096
6092
6082
6070
6069
6061
6050
6040
6028
6020
6015
6008
6004
5996
5987
5979
5970
5962
5955
5947
5944
5936
5924
5916
5914
5904
5898
5891
5885
5879
5870
5862
5856
5844
5839
5832
5828
5820
5809
5804
5791
5786
5778
5769
5764
5758
5752
5744
5734
5728
5722
5710
5704
5703
5697
5693
5683
5673
5667
5659
5652
5649
5640
5634
5630
5626
5619
5611
5607
5602
5597
5591
5583
5579
5573
5566
5564
5555
5554
5550
5542
5535
5531
5524
5518
5518
5509
5508
5500
5496
5492
5486
5480
5474
5473
5473
5468
5460
5453
5443
5444
5445
5442
5436
5432
5427
5423
5418
5413
5413
5410
5404
5403
5398
5398
5390
5386
5381
5378
5378
5371
5372
5368
5363
5358
5354
5350
5348
5347
5346
5338
5338
5332
5326
5324
5318
5312
5310
5310
5299
5298
5295
5287
5284
5280
5274
5270
5264
5258
5250
5246
5238
5236
5228
5228
5223
5215
5210
5210
5205
5198
5200
5197
5194
5197
5200
5200
5200
5206
5211
5229
5244
5264
5289
5314
5348
5378
5417
5462
5511
5562
5619
5676
5732
5794
5855
5924
5991
6059
6131
6199
6270
6345
6415
6485
6560
6628
6698
6768
6831
6898
6967
7032
7094
7155
7210
7263
7317
7360
7409
7456
7496
7534
7568
7599
7623
7652
7672
7690
7714
7728
7743
7758
7764
7766
7772
7778
7780
7784
7786
7783
7775
7775
7768
7764
7758
7756
7748
7744
7733
7726
7716
7711
7700
7689
7682
7674
7666
7660
7650
7644
7634
7629
7618
7607
7602
7593
7587
7574
7564
7560
7548
7543
7534
7525
7514
7509
7497
7487
7482
7468
7456
7446
7442
7430
7418
7408
7400
7387
7382
7370
7352
7342
7332
7323
7314
7299
7290
7275
7268
7257
7239
7226
7216
7198
7190
7177
7160
7146
7132
7115
7102
7082
7066
7048
7027
7007
6985
6960
6940
6915
6890
6867
6842
6819
6790
6766
6744
6722
6701
6678
6656
6634
6614
6588
6568
6546
6529
6514
6498
6478
6464
6450
6431
6421
6409
6391
6386
6376
6360
6352
6343
6334
6331
6326
6324
6319
6306
6300
6299
6291
6293
6293
6291
6287
6285
6284
6285
6285
6284
6288
6286
6287
6290
6288
6292
6295
6291
6295
6296
6294
6296
6298
6295
6298
6296
6297
6300
6298
6296
6296
6293
6291
6295
6291
6287
6290
6286
6283
6279
6276
6270
6270
6265
6260
6254
6254
6244
6241
6234
6230
6228
6215
6214
6203
6198
6191
6180
6170
6171
6161
6153
6150
6138
6134
6126
6116
6111
6101
6094
6090
6083
6078
6066
6057
6050
6041
6032
6029
6016
6010
6005
5991
5987
5978
5971
5966
5960
5951
5943
5931
5924
5919
5910
5903
5896
5888
5878
5874
5862
5852
5846
5839
5832
5825
5817
5806
5805
5795
5786
5778
5775
5767
5758
5750
5738
5730
5724
5714
5712
5706
5698
5690
5691
5686
5682
5672
5662
5654
5646
5640
5634
5626
5620
5614
5608
5605
5598
5592
5588
5578
5576
5570
5560
5559
5552
5547
5546
5536
5528
5526
5523
5518
5510
5508
5504
5498
5496
5487
5482
5478
5475
5472
5472
5467
5458
5452
5446
5442
5440
5438
5430
5431
5423
5418
5414
5411
5411
5406
5402
5397
5394
5388
5386
5380
5380
5382
5374
5375
5370
5358
5355
5352
5352
5350
5346
5346
5342
5339
5335
5326
5328
5330
5324
5323
5315
5306
5301
5296
5287
5287
5283
5278
5273
5270
5261
5253
5248
5245
5239
5234
5227
5222
5218
5212
5206
5202
5198
5196
5192
5185
5180
5181
5177
5178
5180
5177
5179
5182
5183
5195
5202
5218
5238
5258
5285
5319
5356
5394
5439
5480
5527
5583
5642
5698
5761
5821
5881
5951
6016
6086
6160
6232
6300
6368
6439
6509
6579
6650
6720
6790
6858
6919
6984
7047
7101
7160
7213
7266
7316
7356
7400
7443
7478
7512
7545
7570
7598
7618
7641
7657
7668
7680
7698
7706
7711
7719
7719
7722
7724
7723
7719
7722
7716
7708
7706
7702
7692
7680
7673
7666
7657
7654
7644
7631
7621
7609
7604
7599
7586
7582
7570
7560
7546
7535
7526
7520
7511
7507
7496
7491
7484
7469
7462
7451
7440
7433
7424
7413
7402
7390
7380
7372
7360
7350
7342
7330
7320
7308
7300
7291
7279
7267
7262
7248
7236
7226
7210
7198
7190
7175
7162
7152
7142
7125
7117
7100
7087
7074
7058
7042
7027
7006
6988
6970
6951
6932
6912
6888
6868
6842
6817
6796
6772
6746
6727
6700
6682
6658
6628
6610
6584
6568
6552
6528
6510
6493
6472
6456
6436
6422
6409
6392
6381
6367
6352
6337
6327
6314
6306
6298
6293
6282
6278
6272
6264
6258
6252
6252
6249
6244
6240
6235
6236
6240
6236
6236
6239
6238
6238
6242
6241
6242
6244
6240
6241
6241
6243
6245
6248
6247
6251
6250
6258
6256
6257
6255
6255
6254
6254
6252
6254
6256
6254
6252
6251
6248
6242
6238
6236
6232
6234
6234
6226
6221
6218
6208
6202
6200
6195
6187
6188
6180
6172
6165
6154
6148
6147
6141
6131
6126
6114
6106
6103
6094
6085
6079
6074
6064
6058
6049
6038
6036
6032
6026
6014
6005
5999
5988
5980
5976
5970
5964
5955
5950
5941
5932
5924
5915
5908
5902
5891
5887
5876
5867
5860
5851
5844
5836
5832
5827
5820
5810
5804
5794
5788
5782
5771
5768
5763
5752
5748
5738
5730
5724
5717
5712
5707
5694
5689
5684
5676
5671
5664
5660
5653
5642
5635
5627
5618
5614
5610
5603
5602
5592
5587
5584
5574
5566
5560
5557
5553
5547
5540
5534
5529
5526
5516
5514
5512
5508
5502
5498
5488
5484
5480
5476
5475
5468
5464
5456
5450
5448
5443
5436
5434
5430
5424
5418
5411
5408
5404
5400
5398
5399
5394
5390
5384
5379
5376
5372
5370
5370
5366
5360
5360
5358
5347
5346
5346
5340
5340
5338
5332
5330
5330
5325
5323
5324
5318
5316
5313
5312
5302
5300
5298
5294
5287
5286
5282
5278
5270
5268
5264
5262
5255
5250
5247
5241
5237
5234
5226
5221
5220
5214
5207
5205
5191
5192
5186
5182
5180
5177
5174
5171
5167
5163
5167
5165
5170
5174
5178
5182
5194
5205
5217
5238
5258
5284
5316
5358
5396
5436
5482
5533
5584
5639
5702
5761
5828
5887
5954
6023
6087
6157
6226
6296
6370
6437
6508
6578
6645
6712
6784
6852
6916
6975
7031
7092
7144
7195
7248
7296
7340
7384
7423
7458
7488
7516
7541
7570
7592
7608
7623
7636
7648
7660
7668
7672
7675
7678
7679
7680
7676
7675
7674
7669
7664
7656
7649
7638
7630
7619
7618
7606
7596
7586
7574
7562
7552
7536
7528
7522
7510
7496
7487
7474
7460
7449
7437
7431
7417
7410
7402
7393
7380
7364
7358
7349
7338
7329
7318
7307
7302
7287
7277
7269
7255
7248
7240
7230
7218
7206
7199
7184
7175
7168
7158
7148
7134
7124
7114
7103
7090
7076
7066
7056
7044
7028
7015
6998
6982
6967
6952
6934
6916
6894
6872
6857
6832
6811
6790
6765
6744
6724
6701
6672
6652
6632
6607
6583
6566
6543
6522
6500
6484
6462
6442
6424
6412
6394
6384
6366
6350
6340
6327
6316
6307
6299
6288
6280
6273
6264
6259
6252
6246
6243
6240
6237
6236
6230
6230
6230
6232
6228
6232
6231
6234
6232
6236
6232
6238
6242
6244
6250
6251
6252
6259
6258
6263
6269
6274
6272
6278
6277
6278
6280
6283
6284
6286
6285
6288
6287
6283
6282
6284
6282
6282
6282
6280
6277
6274
6267
6263
6255
6258
6250
6247
6240
6229
6224
6218
6214
6208
6200
6198
6188
6178
6170
6165
6156
6152
6146
6135
6128
6123
6111
6101
6095
6088
6082
6074
6067
6060
6055
6044
6037
6030
6018
6013
6005
5999
5992
5983
5974
5968
5959
5952
5950
5940
5933
5926
