1 3000 500
5912
5907
5903
5895
5888
5880
5868
5861
5851
5844
5839
5831
5820
5815
5806
5798
5792
5784
5776
5768
5760
5756
5748
5738
5730
5720
5710
5706
5702
5696
5690
5684
5672
5666
5658
5651
5647
5640
5635
5629
5618
5615
5605
5602
5596
5590
5586
5578
5570
5564
5559
5552
5552
5545
5539
5537
5530
5527
5522
5516
5515
5514
5510
5503
5499
5494
5484
5483
5476
5474
5476
5468
5466
5462
5456
5456
5454
5449
5444
5440
5435
5434
5428
5427
5419
5420
5419
5415
5412
5407
5402
5399
5390
5390
5388
5380
5380
5374
5371
5364
5360
5356
5349
5347
5340
5335
5332
5323
5319
5314
5310
5306
5300
5298
5290
5282
5278
5272
5266
5260
5257
5254
5244
5244
5235
5228
5230
5230
5232
5231
5230
5229
5232
5238
5251
5264
5282
5300
5330
5355
5384
5420
5459
5506
5554
5603
5655
5711
5772
5828
5888
5954
6018
6085
6155
6219
6290
6359
6420
6495
6558
6624
6693
6757
6825
6886
6946
7004
7059
7112
7170
7219
7267
7312
7350
7390
7424
7454
7490
7518
7540
7561
7580
7592
7608
7624
7632
7646
7654
7659
7666
7663
7662
7661
7656
7655
7650
7644
7641
7632
7620
7618
7607
7596
7588
7578
7565
7555
7540
7528
7515
7508
7496
7482
7471
7455
7447
7434
7424
7412
7400
7387
7376
7363
7350
7335
7328
7316
7306
7295
7287
7275
7265
7255
7242
7237
7224
7212
7202
7189
7179
7173
7160
7154
7143
7134
7123
7113
7099
7088
7076
7064
7052
7043
7033
7020
7003
6987
6975
6956
6942
6925
6909
6892
6876
6851
6832
6812
6790
6768
6747
6720
6698
6672
6650
6629
6606
6582
6566
6542
6520
6499
6476
6456
6438
6419
6400
6386
6367
6354
6331
6319
6307
6288
6280
6270
6256
6247
6242
6230
6222
6213
6210
6200
6198
6194
6188
6183
6182
6180
6180
6180
6176
6178
6173
6170
6165
6172
6172
6178
6179
6180
6181
6187
6187
6186
6194
6192
6195
6196
6200
6199
6202
6201
6204
6209
6209
6218
6211
6212
6210
6206
6208
6205
6205
6202
6200
6194
6190
6188
6187
6179
6180
6170
6166
6160
6156
6150
6142
6136
6131
6126
6120
6115
6108
6100
6090
6080
6075
6069
6062
6057
6046
6036
6028
6018
6010
6003
5994
5986
5981
5973
5962
5958
5951
5942
5934
5926
5922
5914
5903
5896
5886
5876
5869
5865
5855
5849
5840
5830
5824
5819
5810
5801
5790
5788
5780
5770
5764
5754
5745
5740
5732
5723
5716
5708
5703
5694
5688
5682
5676
5668
5663
5654
5646
5637
5631
5627
5623
5613
5607
5600
5592
5584
5578
5573
5571
5568
5559
5554
5544
5535
5532
5528
5520
5514
5510
5500
5498
5492
5486
5482
5478
5468
5466
5458
5456
5448
5442
5438
5432
5430
5430
5420
5416
5409
5405
5402
5392
5394
5389
5383
5382
5374
5370
5364
5363
5360
5356
5350
5345
5340
5335
5330
5326
5322
5315
5314
5312
5308
5302
5296
5295
5295
5290
5286
5290
5287
5278
5275
5276
5271
5266
5262
5260
5258
5252
5250
5242
5241
5236
5231
5226
5226
5226
5216
5214
5208
5202
5196
5194
5191
5181
5171
5168
5162
5157
5152
5152
5146
5140
5134
5130
5125
5122
5122
5118
5115
5114
5115
5114
5120
5125
5136
5151
5162
5182
5204
5229
5262
5295
5336
5381
5432
5484
5534
5589
5648
5708
5773
5836
5902
5971
6044
6106
6176
6247
6316
6391
6464
6535
6604
6677
6739
6804
6866
6928
6994
7054
7107
7157
7208
7255
7304
7346
7386
7426
7460
7488
7516
7538
7559
7575
7596
7610
7627
7642
7646
7652
7653
7660
7665
7664
7670
7666
7660
7662
7658
7652
7642
7634
7628
7622
7616
7603
7592
7584
7576
7568
7560
7551
7546
7535
7524
7516
7503
7492
7486
7472
7468
7458
7444
7438
7427
7420
7410
7402
7392
7385
7375
7361
7351
7342
7334
7327
7317
7310
7299
7288
7276
7266
7258
7250
7236
7223
7215
7202
7195
7180
7166
7162
7151
7141
7125
7113
7102
7086
7074
7065
7055
7039
7024
7010
6994
6983
6962
6947
6930
6911
6892
6874
6850
6830
6805
6780
6763
6739
6715
6695
6671
6646
6624
6598
6580
6558
6533
6514
6491
6470
6452
6429
6414
6403
6386
6371
6358
6341
6329
6319
6302
6292
6283
6271
6268
6256
6247
6242
6238
6229
6224
6213
6215
6209
6205
6204
6200
6201
6199
6192
6195
6191
6191
6190
6192
6191
6192
6194
6197
6197
6196
6203
6198
6202
6203
6205
6210
6210
6207
6205
6202
6204
6206
6208
6214
6212
6210
6207
6201
6200
6200
6196
6192
6195
6195
6187
6182
6180
6172
6168
6164
6158
6148
6146
6140
6130
6128
6121
6110
6106
6103
6092
6085
6076
6069
6064
6058
6050
6042
6037
6026
6020
6014
6004
6000
5988
5980
5978
5966
5960
5950
5944
5938
5934
5923
5918
5908
5897
5891
5879
5874
5870
5858
5850
5846
5834
5829
5818
5812
5804
5798
5790
5779
5773
5764
5758
5749
5743
5736
5726
5720
5714
5703
5692
5687
5679
5676
5671
5666
5659
5652
5642
5632
5626
5619
5615
5611
5600
5594
5588
5579
5570
5567
5566
5559
5562
5558
5546
5538
5522
5518
5514
5515
5507
5499
5493
5485
5481
5471
5473
5468
5463
5460
5452
5448
5443
5442
5434
5431
5431
5424
5418
5407
5404
5396
5396
5392
5392
5384
5376
5372
5367
5364
5361
5358
5358
5355
5354
5346
5344
5339
5335
5332
5328
5324
5317
5315
5314
5308
5303
5303
5300
5297
5293
5291
5282
5280
5276
5272
5274
5268
5267
5260
5255
5250
5239
5240
5238
5234
5232
5224
5218
5210
5205
5203
5198
5190
5190
5180
5175
5171
5164
5158
5152
5147
5151
5142
5141
5138
5131
5128
5130
5129
5128
5132
5131
5141
5152
5162
5178
5196
5223
5250
5286
5319
5364
5409
5452
5504
5562
5616
5678
5736
5798
5862
5929
5995
6064
6135
6208
6278
6346
6414
6487
6557
6625
6696
6760
6825
6890
6950
7010
7062
7124
7172
7223
7271
7314
7352
7394
7425
7462
7491
7516
7542
7564
7580
7599
7610
7621
7626
7638
7647
7648
7654
7655
7654
7658
7656
7654
7650
7642
7636
7631
7622
7614
7604
7600
7592
7585
7575
7564
7557
7546
7535
7527
7520
7508
7503
7494
7480
7468
7458
7452
7443
7434
7426
7412
7402
7391
7378
7369
7358
7349
7340
7331
7319
7308
7301
7290
7280
7270
7260
7247
7237
7226
7214
7202
7189
7183
7174
7160
7153
7144
7125
7118
7108
7095
7084
7072
7058
7045
7032
7015
6998
6984
6970
6959
6942
6922
6903
6886
6862
6842
6824
6804
6782
6757
6734
6708
6680
6662
6638
6616
6598
6574
6550
6530
6505
6488
6472
6448
6431
6416
6402
6381
6370
6354
6338
6328
6312
6300
6288
6274
6262
6256
6247
6239
6234
6226
6220
6215
6206
6204
6199
6195
6194
6194
6193
6192
6186
6180
6180
6181
6182
6185
6188
6184
6186
6186
6185
6188
6187
6186
6190
6192
6191
6188
6188
6190
6192
6196
6191
6192
6192
6194
6191
6186
6191
6185
6190
6194
6192
6194
6189
6182
6180
6172
6168
6166
6160
6156
6150
6144
6139
6132
6131
6126
6120
6111
6104
6097
6090
6082
6080
6070
6060
6056
6048
6039
6034
6023
6019
6011
6004
6000
5990
5976
5972
5962
5956
5950
5943
5934
5926
5918
5912
5903
5896
5888
5886
5880
5870
5862
5858
5850
5838
5831
5824
5818
5810
5803
5793
5784
5775
5770
5765
5754
5748
5742
5732
5727
5712
5710
5708
5700
5693
5684
5671
5666
5656
5653
5645
5636
5631
5620
5612
5607
5595
5591
5587
5582
5575
5568
5559
5555
5548
5543
5541
5535
5527
5524
5516
5507
5502
5496
5493
5492
5486
5483
5475
5469
5464
5460
5458
5452
5448
5445
5442
5433
5426
5426
5417
5413
5410
5406
5400
5404
5394
5386
5380
5379
5377
5375
5370
5362
5358
5353
5348
5343
5342
5334
5336
5332
5326
5328
5324
5320
5315
5312
5307
5303
5303
5302
5296
5296
5294
5287
5286
5286
5278
5270
5268
5264
5264
5262
5259
5258
5253
5251
5248
5240
5236
5232
5229
5226
5220
5218
5216
5206
5197
5198
5196
5188
5183
5177
5171
5160
5159
5154
5148
5147
5143
5139
5132
5128
5122
5117
5115
5120
5114
5116
5118
5118
5120
5126
5130
5146
5162
5180
5204
5230
5260
5298
5335
5384
5430
5480
5533
5590
5648
5714
5772
5838
5910
5970
6043
6114
6178
6250
6318
6388
6464
6531
6604
6672
6739
6803
6867
6930
6985
7048
7104
7156
7209
7255
7298
7339
7382
7418
7452
7484
7512
7536
7554
7577
7593
7612
7622
7632
7642
7650
7652
7656
7662
7659
7659
7656
7653
7650
7646
7634
7632
7626
7619
7613
7603
7591
7583
7572
7564
7555
7543
7536
7527
7516
7504
7489
7477
7467
7459
7446
7442
7428
7416
7408
7396
7388
7380
7367
7359
7351
7340
7328
7320
7308
7296
7290
7279
7270
7256
7248
7239
7226
7217
7207
7200
7186
7180
7169
7159
7151
7140
7128
7122
7110
7099
7085
7072
7063
7048
7035
7024
7009
6995
6980
6962
6948
6930
6910
6895
6878
6856
6836
6810
6787
6762
6738
6716
6696
6668
6648
6630
6604
6581
6560
6538
6517
6500
6480
6462
6442
6421
6408
6392
6378
6362
6350
6332
6320
6309
6298
6289
6283
6278
6269
6263
6256
6252
6243
6239
6236
6230
6230
6226
6228
6228
6222
6223
6224
6224
6228
6228
6231
6231
6230
6231
6234
6242
6247
6246
6248
6252
6256
6258
6261
6264
6270
6266
6268
6271
6268
6270
6273
6274
6275
6275
6277
6277
6271
6269
6267
6265
6263
6260
6256
6256
6254
6250
6244
6242
6233
6235
6224
6218
6215
6211
6201
6192
6188
6184
6176
6172
6162
6149
6142
6136
6133
6122
6118
6111
6106
6096
6088
6082
6075
6068
6066
6054
6049
6042
6026
6024
6016
6008
6004
5994
5986
5979
5965
5964
5951
5946
5940
5934
5928
5923
5911
5904
5894
5886
5883
5871
5867
5860
5850
5845
5832
5822
5816
5811
5800
5797
5789
5779
5770
5764
5752
5750
5744
5736
5732
5726
5714
5709
5698
5691
5690
5684
5674
5667
5662
5653
5647
5642
5631
5627
5626
5616
5608
5602
5598
5591
5588
5582
5577
5571
5564
5556
5548
5543
5539
5538
5534
5534
5528
5516
5509
5505
5502
5500
5495
5494
5492
5486
5480
5475
5474
5472
5469
5467
5464
5460
5454
5448
5447
5446
5443
5437
5436
5432
5429
5426
5415
5415
5413
5409
5404
5401
5396
5392
5390
5387
5383
5380
5379
5374
5366
5360
5356
5352
5347
5343
5342
5333
5328
5324
5315
5315
5306
5302
5298
5294
5290
5282
5278
5277
5271
5268
5266
5258
5254
5250
5239
5241
5238
5234
5235
5232
5238
5242
5246
5250
5264
5279
5298
5325
5351
5379
5415
5452
5492
5542
5590
5642
5700
5756
5808
5875
5934
6000
6066
6136
6206
6279
6346
6416
6487
6550
6620
6688
6760
6830
6891
6955
7014
7070
7130
7186
7236
7284
7334
7374
7413
7454
7487
7519
7548
7576
7600
7619
7638
7652
7667
7674
7686
7692
7695
7702
7700
7698
7696
7693
7689
7683
7678
7666
7662
7656
7645
7638
7626
7612
7604
7592
7576
7566
7551
7539
7528
7522
7508
7497
7478
7468
7459
7442
7430
7420
7406
7396
7389
7374
7362
7346
7332
7321
7316
7306
7290
7279
7272
7256
7247
7234
7224
7218
7204
7196
7184
7174
7161
7147
7141
7128
7115
7110
7096
7079
7068
7058
7043
7035
7020
7008
6995
6978
6961
6944
6932
6916
6898
6878
6858
6840
6814
6794
6775
6751
6728
6706
6682
6655
6631
6608
6587
6570
6547
6523
6506
6482
6463
6446
6426
6406
6392
6376
6370
6347
6334
6323
6309
6296
6288
6278
6266
6263
6252
6244
6236
6231
6232
6228
6223
6221
6212
6212
6210
6211
6214
6214
6212
6216
6215
6211
6215
6214
6216
6220
6220
6223
6226
6224
6230
6232
6237
6239
6239
6240
6243
6247
6247
6246
6246
6248
6248
6250
6246
6247
6244
6243
6239
6240
6238
6238
6231
6224
6224
6218
6212
6211
6203
6204
6200
6194
6188
6179
6171
6168
6158
6156
6148
6138
6133
6122
6116
6108
6098
6095
6088
6081
6079
6066
6055
6047
6039
6034
6030
6018
6012
6004
5994
5985
5981
5972
5964
5959
5948
5943
5935
5925
5918
5911
5904
5900
5895
5884
5876
5867
5860
5852
5846
5837
5829
5826
5816
5806
5798
5790
5784
5780
5768
5762
5758
5747
5741
5734
5724
5719
5715
5706
5702
5690
5680
5672
5668
5660
5657
5649
5639
5634
5627
5620
5616
5610
5606
5598
5591
5588
5580
5572
5566
5560
5552
5548
5542
5535
5533
5526
5518
5521
5512
5506
5501
5494
5484
5480
5476
5474
5470
5468
5459
5456
5454
5446
5444
5437
5431
5429
5424
5422
5418
5413
5406
5403
5400
5394
5395
5394
5391
5383
5376
5372
5370
5368
5367
5360
5358
5358
5353
5350
5349
5346
5344
5339
5336
5332
5328
5327
5322
5316
5308
5308
5303
5298
5292
5288
5284
5276
5274
5270
5262
5256
5249
5243
5236
5236
5228
5221
5222
5223
5218
5213
5205
5204
5202
5200
5199
5201
5203
5204
5211
5220
5229
5248
5272
5292
5324
5357
5388
5431
5476
5519
5573
5625
5681
5744
5804
5863
5924
5995
6063
6135
6202
6274
6342
6415
6481
6556
6630
6698
6769
6835
6899
6962
7022
7081
7144
7199
7248
7304
7350
7392
7431
7472
7504
7541
7576
7605
7626
7645
7666
7679
7695
7712
7725
7735
7740
7747
7746
7748
7748
7746
7746
7740
7740
7736
7731
7722
7716
7712
7703
7696
7687
7680
7671
7657
7651
7640
7636
7623
7616
7607
7599
7587
7579
7568
7559
7552
7544
7528
7522
7510
7496
7487
7479
7472
7462
7454
7447
7431
7424
7415
7404
7392
7386
7376
7366
7352
7345
7331
7322
7312
7303
7293
7280
7269
7258
7246
7234
7224
7212
7203
7188
7172
7162
7152
7139
7125
7112
7097
7082
7068
7051
7034
7019
7001
6983
6960
6942
6922
6894
6874
6850
6823
6802
6777
6756
6728
6707
6684
6657
6638
6613
6594
6574
6556
6534
6516
6491
6476
6459
6445
6429
6414
6400
6388
6374
6360
6348
6338
6329
6325
6317
6302
6298
6290
6283
6282
6280
6275
6275
6268
6261
6260
6257
6256
6258
6257
6260
6259
6261
6259
6258
6260
6263
6262
6264
6267
6268
6267
6266
6269
6269
6268
6275
6276
6280
6280
6279
6280
6280
6278
6283
6282
6279
6275
6270
6268
6264
6262
6262
6261
6257
6250
6242
6242
6232
6225
6224
6218
6216
6213
6200
6197
6188
6180
6175
6171
6160
6156
6150
6138
6130
6126
6119
6112
6104
6099
6084
6078
6068
6058
6054
6050
6039
6032
6026
6016
6006
5998
5994
5986
5979
5970
5958
5951
5945
5939
5929
5920
5915
5909
5899
5894
5887
5875
5870
5859
5853
5844
5836
5828
5822
5811
5806
5798
5788
5786
5775
5767
5760
5754
5746
5738
5729
5720
5716
5712
5704
5700
5687
5679
5673
5663
5663
5658
5651
5642
5636
5630
5619
5619
5612
5606
5601
5592
5582
5582
5578
5571
5564
5561
5550
5548
5543
5535
5528
5520
5522
5515
5506
5503
5496
5487
5482
5479
5476
5471
5464
5462
5452
5447
5442
5438
5433
5431
5426
5423
5416
5408
5405
5402
5397
5399
5396
5392
5386
5380
5377
5372
5368
5368
5363
5358
5355
5351
5342
5339
5336
5328
5330
5328
5322
5320
5318
5314
5315
5311
5308
5308
5306
5300
5294
5296
5294
5288
5288
5284
5279
5274
5272
5268
5262
5259
5257
5251
5244
5240
5236
5228
5224
5217
5219
5211
5204
5202
5195
5190
5187
5178
5178
5172
5166
5160
5160
5153
5150
5146
5148
5142
5141
5141
5142
5141
5144
5146
5149
5160
5174
5191
5212
5239
5274
5300
5344
5382
5426
5476
5532
5580
5642
5700
5760
5829
5897
5966
6035
6104
6176
6247
6320
6388
6462
6535
6609
6679
6746
6812
6878
6944
7004
7071
7128
7186
7240
7282
7335
7376
7418
7455
7489
7522
7553
7582
7606
7620
7643
7660
7674
7689
7698
7705
7711
7712
7718
7719
7722
7722
7721
7716
7712
7708
7702
7699
7696
7691
7682
7674
7665
7652
7637
7630
7625
7615
7606
7599
7587
7570
7564
7558
7546
7534
7530
7518
7507
7498
7491
7484
7474
7467
7458
7444
7436
7425
7414
7406
7396
7390
7378
7369
7358
7348
7340
7326
7314
7304
7290
7282
7272
7265
7252
7237
7227
7216
7204
7196
7188
7174
7159
7148
7136
7122
7111
7096
7082
7066
7050
7032
7020
7006
6990
6970
6950
6930
6908
6887
6868
6842
6818
6800
6773
6750
6734
6711
6687
6665
6643
6623
6599
6576
6555
6532
6510
6492
6477
6457
6444
6430
6414
6400
6386
6370
6362
6348
6336
6331
6314
6304
6299
6290
6281
6274
6267
6263
6260
6256
6250
6246
6246
6238
6234
6240
6232
6236
6232
6229
6236
6234
6236
6236
6236
6244
6245
6245
6244
6246
6242
6244
6247
6247
6252
6250
6251
6254
6253
6252
6252
6253
6252
6255
6252
6250
6246
6246
6245
6242
6239
6235
6235
6231
6223
6220
6214
6210
6205
6199
6194
6187
6177
6173
6164
6160
6152
6146
6136
6126
6124
6115
6108
6102
6092
6091
6079
6068
6063
6053
6046
6040
6029
6023
6019
6012
6002
5996
5990
5984
5972
5966
5958
5947
5940
5936
5924
5921
5912
5910
5899
5891
5882
5876
5870
5856
5847
5840
5834
5831
5826
5810
5804
5799
5790
5784
5778
5770
5760
5752
5740
5732
5725
5718
5711
5706
5699
5694
5684
5674
5671
5660
5654
5651
5638
5635
5630
5619
5613
5607
5602
5602
5592
5585
5580
5570
5568
5561
5552
5552
5546
5540
5536
5528
5522
5518
5511
5506
5506
5503
5491
5487
5481
5474
5470
5468
5461
5458
5453
5448
5446
5441
5434
5434
5428
5424
5420
5414
5408
5405
5400
5395
5391
5386
5384
5380
5376
5368
5363
5360
5356
5355
5355
5346
5346
5340
5335
5336
5328
5328
5326
5319
5319
5315
5310
5309
5305
5304
5304
5299
5294
5294
5284
5281
5279
5274
5274
5274
5273
5267
5264
5259
5255
5251
