1 3000 500
5250
5249
5236
5235
5232
5220
5218
5215
5208
5204
5198
5192
5190
5183
5174
5174
5170
5165
5162
5158
5152
5147
5143
5139
5140
5138
5135
5133
5132
5138
5140
5146
5156
5166
5187
5201
5223
5253
5284
5321
5360
5407
5456
5504
5558
5617
5671
5735
5794
5858
5930
5998
6068
6137
6199
6273
6340
6412
6485
6552
6623
6690
6756
6820
6884
6947
7008
7067
7119
7172
7222
7270
7316
7356
7398
7436
7470
7500
7527
7549
7569
7588
7608
7624
7637
7651
7658
7666
7669
7674
7675
7674
7671
7672
7667
7663
7661
7653
7646
7639
7630
7623
7614
7602
7593
7583
7576
7568
7554
7548
7534
7522
7512
7498
7494
7485
7472
7464
7450
7444
7435
7426
7418
7407
7398
7384
7379
7368
7356
7344
7338
7326
7312
7308
7292
7279
7276
7259
7248
7241
7228
7223
7216
7202
7193
7179
7168
7158
7151
7136
7130
7118
7102
7092
7078
7064
7047
7040
7023
7012
6997
6978
6962
6948
6930
6915
6896
6878
6857
6835
6813
6791
6763
6744
6718
6695
6672
6650
6629
6605
6582
6559
6535
6517
6501
6482
6465
6448
6426
6407
6396
6383
6364
6351
6335
6323
6311
6302
6290
6280
6273
6264
6253
6250
6244
6239
6234
6232
6232
6230
6229
6226
6226
6220
6222
6224
6220
6224
6223
6220
6224
6227
6226
6232
6239
6243
6244
6245
6248
6252
6251
6258
6259
6265
6266
6268
6272
6275
6274
6274
6275
6275
6278
6279
6278
6275
6270
6271
6266
6267
6264
6260
6256
6255
6247
6242
6235
6231
6226
6222
6215
6206
6202
6194
6187
6178
6173
6168
6164
6158
6148
6135
6130
6128
6117
6110
6106
6095
6088
6080
6070
6064
6058
6056
6046
6038
6028
6018
6013
6003
5999
5992
5984
5976
5967
5958
5952
5943
5942
5936
5931
5926
5912
5902
5896
5887
5879
5874
5861
5858
5848
5836
5826
5818
5809
5802
5798
5788
5785
5774
5764
5759
5751
5744
5742
5738
5726
5718
5714
5706
5696
5687
5682
5676
5669
5657
5651
5649
5638
5632
5626
5620
5615
5607
5598
5595
5588
5580
5575
5568
5562
5560
5558
5552
5546
5540
5532
5528
5528
5524
5516
5516
5503
5495
5498
5492
5486
5482
5476
5471
5464
5464
5458
5449
5450
5444
5445
5440
5438
5429
5422
5423
5423
5420
5413
5413
5410
5404
5402
5400
5396
5391
5389
5386
5380
5374
5375
5371
5360
5363
5366
5362
5356
5354
5347
5346
5342
5341
5339
5328
5327
5326
5322
5314
5313
5305
5300
5298
5291
5288
5280
5274
5272
5263
5262
5258
5248
5246
5236
5232
5228
5222
5216
5216
5214
5208
5206
5200
5199
5194
5192
5189
5188
5186
5186
5183
5186
5196
5205
5213
5234
5253
5280
5308
5336
5375
5416
5460
5512
5564
5614
5671
5731
5788
5850
5916
5980
6044
6115
6186
6253
6320
6391
6462
6522
6600
6664
6731
6802
6863
6924
6988
7044
7104
7159
7208
7258
7298
7339
7379
7417
7451
7488
7514
7537
7559
7578
7593
7610
7624
7632
7639
7646
7650
7650
7652
7652
7647
7647
7643
7636
7626
7618
7610
7604
7598
7588
7577
7567
7554
7542
7528
7520
7507
7496
7485
7470
7458
7445
7433
7418
7410
7400
7386
7376
7368
7349
7342
7326
7318
7306
7299
7290
7274
7266
7255
7247
7234
7224
7207
7198
7190
7174
7166
7157
7148
7140
7128
7116
7103
7090
7082
7068
7056
7045
7033
7022
7010
6995
6982
6968
6955
6944
6930
6915
6898
6882
6863
6842
6828
6808
6784
6766
6740
6720
6698
6675
6646
6623
6603
6578
6557
6536
6511
6489
6474
6452
6428
6414
6402
6381
6369
6358
6336
6316
6301
6288
6280
6269
6257
6247
6236
6226
6217
6207
6197
6193
6191
6185
6179
6177
6172
6168
6167
6168
6162
6166
6164
6164
6163
6162
6159
6164
6165
6167
6171
6175
6171
6176
6178
6181
6184
6186
6185
6189
6188
6192
6199
6196
6199
6202
6203
6202
6202
6204
6205
6207
6204
6203
6200
6200
6197
6192
6194
6187
6185
6182
6178
6172
6164
6157
6149
6144
6143
6138
6132
6126
6116
6108
6103
6090
6080
6076
6070
6063
6054
6048
6037
6031
6024
6019
6017
6005
5990
5986
5976
5969
5962
5957
5948
5944
5928
5923
5914
5906
5900
5892
5883
5879
5871
5860
5856
5847
5834
5831
5824
5815
5812
5805
5798
5786
5778
5773
5766
5756
5751
5739
5729
5724
5720
5711
5702
5698
5688
5678
5674
5668
5658
5652
5642
5639
5631
5624
5616
5605
5598
5592
5588
5583
5575
5571
5567
5559
5549
5542
5535
5530
5527
5524
5516
5508
5498
5492
5486
5479
5479
5473
5464
5463
5454
5447
5447
5442
5438
5434
5428
5423
5420
5412
5405
5401
5400
5394
5392
5391
5382
5375
5369
5367
5362
5354
5356
5354
5348
5341
5336
5330
5328
5326
5324
5323
5319
5316
5311
5305
5300
5302
5298
5298
5294
5288
5286
5283
5278
5278
5276
5275
5271
5265
5261
5256
5253
5252
5248
5243
5242
5238
5228
5227
5221
5214
5216
5208
5203
5202
5194
5186
5183
5178
5174
5171
5164
5158
5152
5148
5142
5140
5134
5130
5123
5122
5120
5114
5109
5107
5104
5106
5106
5107
5110
5120
5125
5136
5147
5171
5188
5215
5247
5282
5318
5363
5404
5455
5510
5566
5628
5687
5747
5813
5878
5947
6018
6087
6158
6228
6292
6365
6432
6500
6572
6643
6714
6782
6837
6901
6963
7020
7085
7136
7186
7234
7276
7318
7360
7398
7432
7466
7494
7520
7544
7560
7576
7594
7606
7618
7626
7638
7640
7642
7642
7648
7648
7646
7644
7644
7638
7636
7624
7616
7611
7600
7595
7591
7580
7573
7565
7555
7545
7532
7524
7516
7506
7496
7487
7474
7464
7452
7447
7431
7422
7414
7403
7392
7383
7372
7364
7356
7346
7341
7330
7316
7306
7295
7283
7276
7268
7258
7244
7234
7220
7212
7204
7194
7183
7177
7167
7154
7141
7132
7117
7109
7099
7093
7077
7062
7049
7035
7026
7008
6995
6985
6970
6958
6939
6926
6908
6888
6872
6852
6836
6813
6788
6762
6740
6718
6694
6668
6648
6626
6603
6582
6554
6533
6508
6490
6472
6453
6433
6416
6397
6378
6364
6348
6336
6320
6306
6290
6284
6271
6258
6250
6238
6231
6222
6215
6203
6199
6194
6186
6180
6182
6178
6171
6171
6165
6162
6160
6166
6164
6162
6167
6165
6160
6164
6165
6166
6166
6168
6170
6169
6172
6170
6168
6175
6180
6181
6183
6180
6181
6178
6177
6178
6182
6180
6178
6179
6174
6172
6169
6164
6162
6161
6160
6154
6148
6140
6136
6133
6128
6123
6119
6114
6103
6098
6087
6078
6073
6069
6058
6058
6053
6046
6035
6026
6020
6010
6002
5997
5994
5981
5972
5962
5957
5952
5948
5944
5932
5922
5915
5906
5899
5891
5883
5878
5872
5862
5851
5847
5835
5827
5823
5815
5806
5798
5790
5784
5773
5770
5760
5754
5746
5734
5727
5718
5706
5704
5696
5688
5686
5676
5666
5658
5650
5642
5634
5630
5620
5618
5608
5598
5590
5582
5576
5573
5569
5560
5556
5552
5543
5533
5525
5522
5512
5508
5504
5496
5488
5486
5480
5473
5467
5466
5458
5454
5450
5441
5432
5428
5420
5412
5412
5412
5407
5399
5392
5388
5379
5378
5376
5370
5363
5358
5351
5348
5340
5338
5334
5330
5326
5321
5313
5311
5304
5298
5292
5288
5286
5283
5278
5270
5268
5267
5260
5260
5258
5252
5247
5244
5238
5234
5230
5232
5232
5227
5227
5222
5219
5214
5213
5211
5207
5204
5200
5199
5189
5187
5187
5180
5179
5177
5176
5172
5164
5161
5160
5152
5151
5143
5144
5138
5130
5128
5118
5116
5114
5108
5106
5099
5091
5088
5080
5076
5072
5068
5062
5058
5051
5048
5050
5044
5038
5036
5033
5031
5035
5035
5036
5043
5046
5052
5068
5083
5101
5122
5152
5183
5221
5264
5308
5357
5412
5468
5523
5580
5639
5704
5770
5841
5911
5979
6042
6114
6185
6256
6326
6394
6464
6530
6601
6666
6728
6801
6862
6916
6980
7031
7078
7132
7178
7226
7264
7306
7342
7376
7400
7428
7452
7470
7496
7511
7530
7539
7548
7554
7562
7565
7564
7572
7572
7571
7570
7562
7557
7556
7548
7539
7540
7533
7521
7512
7504
7494
7480
7472
7467
7456
7446
7434
7422
7409
7400
7388
7378
7370
7360
7348
7335
7326
7314
7304
7298
7282
7274
7262
7252
7243
7230
7219
7212
7200
7190
7182
7170
7162
7150
7140
7134
7118
7109
7104
7091
7080
7068
7055
7046
7035
7026
7015
7001
6991
6980
6970
6956
6948
6939
6924
6912
6900
6882
6868
6854
6835
6819
6807
6786
6767
6748
6727
6704
6679
6660
6640
6615
6594
6569
6547
6522
6496
6476
6456
6432
6416
6394
6372
6354
6335
6318
6298
6284
6267
6250
6236
6223
6208
6199
6183
6174
6166
6156
6144
6135
6128
6122
6116
6108
6108
6099
6094
6091
6083
6083
6083
6082
6079
6083
6080
6081
6082
6081
6080
6079
6082
6086
6082
6083
6087
6089
6088
6092
6095
6094
6098
6101
6100
6097
6098
6102
6101
6102
6102
6100
6100
6095
6092
6088
6090
6086
6087
6088
6080
6078
6071
6068
6064
6061
6052
6047
6044
6034
6030
6022
6017
6015
6010
6002
5998
5990
5978
5970
5966
5959
5954
5946
5938
5930
5923
5911
5904
5902
5890
5887
5882
5870
5862
5855
5843
5839
5833
5828
5818
5812
5804
5792
5789
5782
5772
5770
5761
5758
5747
5736
5722
5717
5710
5706
5700
5692
5683
5674
5666
5658
5651
5647
5639
5630
5625
5612
5604
5598
5590
5583
5578
5572
5566
5558
5548
5542
5532
5528
5526
5519
5514
5508
5498
5494
5486
5478
5475
5466
5460
5456
5448
5444
5437
5428
5426
5421
5418
5411
5402
5398
5394
5390
5381
5383
5375
5370
5364
5358
5347
5342
5339
5334
5328
5324
5320
5314
5307
5302
5298
5292
5292
5284
5280
5271
5264
5260
5256
5247
5244
5238
5232
5230
5224
5220
5216
5215
5208
5204
5204
5200
5198
5195
5184
5183
5186
5179
5180
5174
5171
5170
5160
5160
5160
5159
5158
5154
5148
5144
5139
5136
5130
5128
5128
5123
5119
5114
5112
5108
5104
5104
5106
5103
5096
5094
5088
5082
5080
5072
5076
5072
5072
5068
5064
5061
5054
5048
5047
5040
5039
5039
5028
5022
5016
5011
5010
5002
5000
4998
4987
4984
4979
4974
4972
4971
4968
4966
4964
4961
4955
4955
4956
4954
4964
4972
4980
4989
5004
5027
5048
5075
5107
5143
5185
5229
5278
5324
5384
5441
5498
5560
5629
5691
5752
5820
5891
5959
6031
6104
6173
6239
6308
6374
6445
6519
6582
6649
6715
6775
6837
6892
6944
6996
7045
7098
7146
7186
7227
7263
7296
7327
7358
7382
7406
7422
7440
7460
7470
7479
7492
7497
7502
7508
7510
7509
7507
7499
7496
7496
7488
7483
7478
7470
7462
7454
7445
7436
7428
7417
7408
7400
7389
7375
7366
7356
7348
7338
7323
7318
7308
7294
7285
7274
7263
7258
7245
7234
7226
7211
7197
7192
7182
7172
7162
7154
7140
7128
7118
7109
7102
7090
7080
7073
7061
7050
7038
7026
7020
7011
7000
6992
6978
6968
6956
6942
6933
6918
6910
6903
6887
6874
6863
6850
6834
6822
6811
6791
6779
6761
6742
6723
6710
6691
6666
6648
6631
6610
6588
6562
6535
6518
6500
6478
6460
6438
6418
6400
6378
6358
6346
6325
6310
6299
6278
6264
6248
6238
6223
6209
6200
6190
6179
6170
6164
6153
6147
6137
6130
6123
6118
6119
6113
6108
6112
6106
6106
6107
6102
6102
6103
6104
6100
6107
6104
6107
6109
6113
6114
6112
6116
6118
6119
6125
6128
6127
6124
6130
6135
6134
6138
6142
6146
6142
6144
6146
6143
6140
6144
6145
6146
6143
6140
6137
6130
6128
6126
6125
6118
6116
6111
6107
6104
6096
6087
6086
6076
6074
6068
6062
6056
6047
6040
6039
6032
6022
6018
6010
6002
5992
5985
5976
5973
5965
5960
5950
5945
5939
5927
5919
5917
5910
5902
5896
5894
5882
5874
5870
5861
5856
5847
5841
5835
5827
5814
5808
5798
5794
5787
5781
5772
5764
5754
5750
5743
5732
5722
5719
5712
5708
5702
5694
5684
5677
5670
5662
5655
5648
5637
5631
5622
5616
5610
5604
5595
5593
5588
5580
5572
5563
5556
5550
5544
5540
5534
5526
5516
5512
5512
5508
5498
5490
5486
5476
5470
5463
5457
5454
5449
5446
5442
5436
5430
5426
5418
5415
5415
5411
5402
5398
5390
5388
5380
5376
5376
5374
5368
5368
5364
5355
5357
5349
5347
5347
5345
5339
5336
5336
5326
5323
5322
5319
5318
5315
5307
5303
5302
5296
5298
5300
5298
5294
5289
5284
5278
5272
5272
5268
5268
5264
5255
5254
5247
5242
5236
5230
5229
5224
5218
5214
5211
5202
5202
5196
5191
5186
5186
5177
5175
5170
5162
5158
5152
5150
5148
5142
5134
5128
5124
5122
5124
5122
5119
5118
5120
5116
5123
5127
5139
5148
5164
5184
5208
5240
5267
5303
5346
5384
5438
5485
5536
5594
5648
5708
5768
5828
5895
5962
6028
6096
6161
6224
6294
6363
6427
6497
6563
6626
6690
6752
6814
6871
6929
6988
7042
7093
7142
7184
7226
7264
7307
7340
7367
7396
7419
7442
7460
7480
7498
7508
7519
7529
7536
7537
7539
7544
7546
7541
7538
7535
7530
7526
7518
7511
7505
7494
7481
7472
7462
7450
7438
7427
7416
7407
7397
7383
7377
7362
7348
7337
7325
7312
7303
7288
7279
7262
7249
7239
7230
7216
7209
7198
7186
7180
7168
7152
7144
7136
7126
7120
7110
7099
7092
7078
7064
7056
7043
7036
7030
7016
7007
6999
6984
6967
6956
6949
6935
6924
6911
6900
6886
6871
6858
6838
6824
6811
6796
6785
6765
6742
6725
6704
6679
6661
6640
6616
6594
6570
6544
6528
6506
6486
6467
6444
6426
6406
6387
6367
6354
6337
6321
6301
6284
6272
6255
6242
6230
6221
6214
6203
6194
6186
6174
6162
6158
6154
6151
6149
6139
6136
6136
6127
6126
6127
6128
6124
6124
6126
6124
6126
6127
6128
6130
6134
6132
6135
6136
6136
6140
6142
6147
6150
6152
6154
6155
6159
6162
6166
6167
6170
6170
6170
6170
6166
6167
6167
6166
6163
6167
6166
6162
6163
6156
6155
6150
6146
6141
6140
6136
6126
6122
6116
6111
6104
6100
6092
6081
6075
6076
6066
6055
6046
6044
6032
6023
6016
6012
6004
5998
5989
5978
5972
5966
5964
5954
5944
5939
5930
5923
5918
5916
5903
5892
5886
5880
5874
5866
5862
5854
5845
5839
5834
5820
5815
5811
5802
5796
5788
5783
5775
5762
5756
5748
5740
5736
5731
5720
5712
5700
5694
5692
5684
5676
5671
5662
5653
5650
5639
5634
5629
5623
5616
5612
5607
5598
5589
5582
5576
5568
5562
5560
5551
5542
5539
5529
5522
5522
5519
5510
5508
5500
5491
5488
5481
5478
5478
5471
5463
5462
5452
5450
5443
5438
5434
5428
5426
5420
5419
5410
5407
5403
5395
5395
5394
5386
5385
5380
5372
5372
5370
5363
5366
5358
5356
5350
5347
5345
5343
5336
5336
5332
5328
5324
5321
5314
5313
5308
5303
5300
5298
5292
5290
5283
5278
5275
5271
5269
5260
5255
5250
5246
5237
5237
5230
5224
5221
5216
5214
5205
5199
5195
5193
5189
5188
5186
5179
5181
5178
5178
5178
5182
5187
5194
5208
5223
5235
5249
5279
5306
5340
5381
5420
5466
5512
5558
5615
5666
5724
5790
5850
5915
5979
6042
6108
6176
6246
6314
6386
6456
6522
6590
6656
6724
6787
6849
6911
6968
7024
7084
7133
7184
7233
7280
7318
7362
7399
7431
7463
7489
7519
7543
7562
7578
7600
7614
7621
7634
7638
7648
7655
7658
7661
7660
7658
7659
7655
7650
7648
7641
7636
7632
7621
7618
7608
7600
7593
7585
7578
7572
7558
7547
7542
7531
7527
7519
7508
7500
7489
7479
7472
7462
7452
7449
7442
7432
7428
7416
7404
7401
7391
7386
7376
7365
7358
7351
7342
7332
7323
7318
7311
7301
7290
7284
7272
7262
7256
7242
7236
7232
7219
7205
7192
7184
7172
7163
7155
7143
7132
7118
7104
7088
7076
7063
7047
7031
7014
6994
6979
6956
6936
6916
6894
6868
6851
6825
6807
6783
6759
6735
6711
6692
6670
6649
6628
6604
6585
6564
6546
6527
6509
6495
6476
6459
6444
6430
6415
6406
6393
6381
6374
6366
6356
6350
6338
6332
6327
6322
6322
6316
6307
6304
6302
6299
6298
6295
6299
6300
6295
6293
6292
6292
6296
6298
6298
6305
6305
6305
6308
6307
6308
6316
6317
6318
6323
6323
6324
6322
6319
6327
6324
6322
6326
6323
6323
6320
6319
6320
6322
6316
6320
6314
6310
6306
6300
6296
6290
6295
6282
6279
6275
6270
6260
6258
6252
6248
6242
6232
6226
6216
6212
6204
6200
6188
6182
6176
6166
6157
6150
6142
6134
6124
6121
6115
6108
6104
6087
6083
6076
6068
6062
6053
6047
6040
6032
6024
6018
6008
6004
5996
5990
5982
5975
5968
5960
5953
5946
5935
5930
5924
5914
5908
5899
5888
5883
5880
5870
5868
5857
5848
5842
5838
5831
5824
5814
5807
5801
5796
5790
5782
5780
5771
5765
5762
5752
5747
5742
5734
5731
5725
5717
5712
5710
5701
5696
5692
5680
5679
5678
5675
5670
5662
5656
5653
5647
5641
5641
5635
5632
5628
5620
5615
5611
5610
5603
5596
5597
5586
5584
5580
5571
5571
5572
5566
5562
5560
5552
5546
5541
5544
5542
5540
5534
5535
5528
5520
5516
5512
5510
5507
5504
5501
5496
5491
5485
5479
5476
5473
5470
5462
5461
5452
5443
5438
5436
5432
5428
5420
5412
5412
5408
5400
5398
5392
5389
5387
5384
5386
5386
5380
5372
5370
5370
5374
5376
5378
5387
5392
5410
5424
5446
5472
5502
5530
5564
5607
5649
5692
5745
5797
5856
5917
5976
6032
6094
6160
6224
6293
6366
6433
6500
6574
6644
6709
6775
6845
6915
6978
7045
7107
7164
7218
7272
7324
7376
7424
7472
7511
7550
7589
7618
7647
7681
7706
7730
7756
7770
7783
7800
7810
7822
7835
7840
7846
7852
7853
7852
7854
7852
7852
7856
7852
7852
7847
7840
7832
7830
7821
7816
7814
7806
7798
