1 3000 500
12424
12419
12419
12413
12409
12404
12404
12403
12402
12398
12398
12398
12401
12402
12403
12402
12402
12402
12405
12412
12412
12412
12419
12417
12420
12424
12427
12430
12435
12438
12440
12437
12442
12445
12448
12446
12450
12451
12453
12456
12455
12452
12450
12450
12450
12449
12448
12446
12447
12442
12437
12435
12430
12425
12424
12420
12416
12412
12410
12404
12394
12388
12383
12376
12370
12365
12356
12353
12349
12336
12337
12326
12318
12306
12298
12289
12280
12276
12264
12260
12246
12236
12228
12221
12208
12195
12184
12174
12164
12153
12144
12134
12119
12110
12102
12090
12080
12068
12062
12050
12040
12029
12017
12005
11996
11984
11972
11958
11951
11938
11930
11918
11909
11896
11890
11872
11864
11856
11845
11834
11824
11819
11807
11797
11781
11774
11762
11752
11744
11736
11724
11716
11705
11692
11681
11668
11662
11656
11645
11636
11625
11612
11605
11594
11584
11573
11562
11556
11545
11540
11530
11521
11508
11504
11491
11484
11478
11467
11457
11449
11438
11431
11428
11420
11414
11402
11396
11388
11380
11372
11367
11354
11350
11348
11336
11329
11321
11313
11312
11305
11299
11292
11286
11280
11276
11267
11258
11250
11246
11241
11233
11228
11220
11210
11208
11201
11193
11187
11180
11174
11165
11156
11150
11143
11136
11129
11122
11118
11110
11107
11102
11096
11092
11086
11091
11092
11093
11096
11108
11122
11137
11150
11176
11203
11235
11270
11311
11352
11398
11448
11500
11556
11617
11678
11742
11806
11881
11951
12026
12104
12182
12264
12347
12433
12515
12604
12695
12782
12872
12965
13059
13152
13249
13341
13438
13532
13630
13718
13810
13903
13993
14083
14177
14262
14344
14425
14496
14570
14638
14707
14770
14833
14890
14938
14990
15028
15070
15105
15136
15168
15188
15212
15224
15233
15240
15247
15249
15249
15241
15240
15226
15210
15198
15178
15154
15134
15108
15082
15054
15027
14994
14964
14923
14888
14852
14819
14782
14749
14707
14668
14632
14588
14550
14516
14476
14438
14404
14365
14321
14286
14248
14216
14177
14140
14100
14064
14030
13995
13961
13921
13886
13856
13820
13781
13743
13704
13669
13633
13604
13564
13530
13490
13452
13413
13374
13340
13301
13260
13225
13181
13145
13108
13070
13032
12996
12961
12929
12896
12862
12827
12794
12763
12738
12709
12680
12650
12622
12593
12572
12546
12529
12505
12480
12458
12437
12419
12401
12379
12361
12350
12338
12323
12310
12296
12286
12278
12270
12261
12252
12243
12236
12236
12228
12224
12222
12216
12216
12216
12220
12217
12217
12216
12217
12218
12219
12221
12222
12226
12232
12236
12238
12246
12249
12253
12259
12261
12262
12268
12271
12277
12280
12284
12284
12294
12295
12296
12298
12294
12298
12304
12310
12308
12306
12308
12310
12306
12307
12304
12308
12306
12305
12302
12298
12293
12293
12291
12287
12285
12282
12278
12274
12270
12266
12256
12252
12249
12243
12234
12225
12219
12207
12204
12198
12193
12185
12175
12168
12158
12144
12137
12128
12120
12109
12102
12086
12076
12067
12056
12047
12038
12029
12018
12007
11994
11985
11974
11965
11956
11945
11938
11927
11918
11907
11889
11882
11878
11865
11858
11845
11831
11818
11809
11800
11790
11781
11770
11762
11753
11740
11729
11720
11708
11698
11694
11678
11667
11658
11648
11641
11632
11621
11609
11602
11597
11587
11574
11564
11555
11551
11540
11529
11520
11512
11505
11494
11486
11478
11468
11464
11456
11447
11436
11426
11421
11412
11406
11398
11390
11381
11374
11367
11357
11352
11345
11340
11335
11331
11322
11310
11304
11296
11292
11281
11272
11268
11260
11253
11246
11236
11235
11228
11218
11211
11209
11195
11185
11182
11175
11169
11161
11158
11144
11136
11132
11123
11118
11109
11107
11102
11098
11092
11096
11096
11102
11108
11113
11132
11150
11170
11195
11224
11254
11289
11328
11374
11423
11472
11523
11578
11631
11698
11761
11828
11894
11963
12040
12113
12188
12269
12348
12430
12512
12601
12682
12772
12862
12952
13038
13132
13225
13314
13404
13494
13582
13668
13752
13844
13926
14008
14086
14168
14243
14312
14380
14446
14510
14569
14630
14682
14727
14772
14814
14844
14883
14915
14936
14961
14976
14985
14995
15005
15006
15003
15000
14998
14985
14975
14954
14940
14920
14898
14878
14856
14827
14794
14760
14730
14698
14666
14630
14590
14558
14524
14482
14444
14408
14367
14328
14292
14255
14212
14172
14134
14094
14056
14014
13978
13944
13909
13866
13828
13790
13753
13717
13678
13642
13605
13568
13534
13489
13455
13418
13382
13340
13302
13266
13230
13187
13146
13111
13070
13030
12991
12956
12918
12878
12848
12808
12772
12736
12708
12672
12644
12611
12581
12552
12522
12498
12468
12444
12422
12396
12373
12356
12334
12313
12294
12278
12260
12241
12225
12214
12202
12190
12179
12168
12157
12149
12138
12136
12127
12122
12118
12112
12105
12106
12105
12104
12104
12103
12109
12112
12112
12118
12117
12117
12117
12125
12131
12137
12145
12148
12153
12159
12166
12170
12180
12182
12190
12198
12202
12206
12213
12222
12227
12232
12234
12238
12238
12247
12248
12252
12258
12260
12262
12266
12265
12262
12265
12265
12268
12270
12268
12268
12270
12261
12260
12260
12260
12255
12250
12249
12246
12238
12238
12234
12229
12223
12214
12206
12204
12194
12185
12178
12169
12160
12156
12144
12134
12125
12115
12108
12097
12086
12078
12068
12057
12046
12036
12024
12020
12006
11994
11982
11976
11968
11955
11944
11936
11926
11914
11902
11894
11885
11873
11857
11850
11837
11824
11816
11806
11797
11785
11774
11768
11754
11742
11729
11722
11710
11697
11689
11679
11673
11658
11646
11640
11633
11620
11609
11597
11590
11580
11576
11566
11556
11549
11543
11534
11525
11518
11506
11494
11489
11480
11476
11470
11464
11454
11442
11434
11426
11421
11413
11410
11400
11389
11384
11374
11368
11360
11356
11345
11340
11333
11326
11315
11311
11302
11296
11289
11282
11276
11268
11256
11252
11246
11240
11232
11225
11220
11209
11203
11193
11188
11185
11182
11183
11186
11186
11191
11203
11210
11228
11248
11268
11294
11324
11360
11397
11433
11476
11530
11584
11639
11694
11752
11816
11886
11953
12022
12089
12170
12243
12319
12396
12476
12561
12646
12729
12814
12900
12986
13072
13162
13254
13349
13436
13525
13614
13700
13789
13872
13956
14037
14120
14200
14275
14344
14414
14481
14542
14606
14657
14710
14756
14803
14835
14872
14910
14938
14964
14987
15002
15012
15025
15030
15032
15028
15022
15020
15010
14998
14985
14965
14947
14922
14904
14876
14848
14819
14788
14755
14721
14691
14660
14622
14588
14553
14517
14478
14444
14408
14366
14333
14294
14262
14222
14181
14145
14109
14069
14035
13996
13959
13924
13889
13850
13810
13774
13742
13702
13662
13635
13598
13563
13523
13483
13450
13411
13376
13334
13298
13259
13220
13184
13138
13104
13066
13032
12992
12958
12926
12892
12860
12829
12796
12767
12730
12707
12678
12648
12615
12592
12564
12540
12517
12496
12470
12449
12432
12410
12398
12378
12366
12348
12330
12320
12309
12293
12278
12272
12265
12260
12246
12243
12234
12229
12227
12222
12222
12221
12222
12223
12220
12220
12221
12222
12225
12232
12234
12241
12243
12253
12256
12266
12268
12272
12286
12286
12290
12300
12305
12310
12317
12328
12332
12338
12341
12350
12355
12363
12369
12372
12382
12385
12387
12384
12389
12394
12398
12398
12396
12400
12398
12398
12398
12398
12402
12402
12399
12392
12396
12388
12385
12384
12381
12373
12372
12369
12362
12357
12346
12341
12336
12328
12324
12321
12310
12300
12291
12280
12272
12265
12254
12248
12238
12228
12220
12210
12196
12188
12180
12168
12158
12146
12136
12125
12114
12100
12094
12084
12073
12062
12046
12031
12020
12006
11997
11982
11976
11966
11954
11944
11934
11924
11911
11902
11886
11880
11864
11854
11844
11834
11826
11814
11802
11796
11782
11772
11762
11749
11741
11730
11726
11718
11707
11697
11688
11681
11666
11661
11654
11644
11640
11631
11622
11608
11602
11596
11589
11578
11578
11567
11560
11550
11544
11534
11526
11518
11510
11503
11498
11491
11478
11471
11464
11457
11449
11436
11426
11422
11414
11406
11398
11394
11389
11388
11379
11375
11376
11382
11380
11391
11398
11420
11438
11460
11486
11519
11556
11595
11635
11684
11734
11784
11843
11902
11963
12030
12093
12161
12236
12306
12385
12464
12540
12621
12705
12792
12878
12962
13051
13144
13232
13321
13420
13510
13598
13686
13782
13868
13960
14048
14139
14224
14307
14389
14464
14542
14612
14682
14741
14812
14864
14920
14976
15025
15062
15096
15136
15168
15198
15219
15240
15259
15268
15276
15279
15280
15276
15270
15264
15254
15246
15229
15206
15190
15166
15144
15118
15090
15061
15028
15000
14969
14936
14899
14866
14830
14794
14764
14723
14692
14652
14614
14580
14546
14506
14472
14433
14396
14360
14326
14291
14252
14217
14179
14142
14110
14074
14038
14002
13969
13930
13896
13864
13828
13789
13753
13724
13685
13646
13609
13574
13534
13495
13455
13418
13379
13340
13302
13265
13225
13187
13150
13116
13081
13046
13011
12977
12946
12916
12885
12856
12830
12798
12768
12742
12718
12692
12669
12648
12629
12613
12593
12573
12556
12537
12522
12508
12498
12489
12477
12465
12454
12445
12440
12430
12426
12420
12415
12414
12413
12410
12408
12410
12412
12421
12419
12419
12421
12430
12430
12444
12446
12452
12457
12463
12473
12476
12485
12495
12504
12510
12520
12524
12529
12540
12542
12552
12558
12566
12566
12573
12582
12588
12594
12593
12597
12604
12603
12607
12612
12614
12613
12611
12614
12616
12616
12617
12612
12611
12612
12612
12608
12602
12603
12597
12592
12585
12581
12580
12573
12564
12553
12548
12544
12537
12526
12515
12510
12501
12491
12488
12473
12467
12456
12447
12437
12425
12414
12406
12396
12383
12376
12360
12349
12336
12326
12310
12302
12291
12278
12266
12254
12240
12228
12217
12206
12196
12183
12170
12158
12143
12132
12122
12112
12100
12090
12079
12065
12051
12037
12031
12022
12012
12003
11993
11986
11974
11962
11954
11943
11934
11927
11914
11907
11898
11892
11876
11868
11862
11848
11840
11830
11818
11808
11798
11790
11781
11770
11768
11756
11749
11742
11730
11722
11716
11710
11700
11690
11685
11674
11664
11654
11646
11640
11630
11622
11615
11608
11604
11594
11592
11588
11584
11588
11596
11598
11604
11620
11636
11657
11683
11717
11750
11786
11826
11867
11918
11969
12025
12085
12148
12216
12282
12352
12424
12504
12579
12660
12744
12825
12913
13004
13092
13182
13276
13368
13465
13557
13652
13747
13843
13944
14032
14130
14225
14322
14408
14494
14580
14664
14744
14825
14896
14967
15036
15101
15163
15222
15272
15326
15374
15412
15452
15480
15509
15534
15552
15569
15579
15589
15592
15592
15590
15582
15577
15566
15556
15538
15519
15498
15478
15453
15427
15400
15369
15337
15310
15280
15248
15209
15173
15138
15107
15072
15036
14994
14958
14924
14888
14846
14809
14772
14741
14706
14667
14636
14599
14563
14523
14488
14454
14422
14387
14350
14318
14283
14248
14218
14184
14150
14113
14078
14044
14006
13972
13934
13896
13861
13822
13781
13740
13707
13666
13629
13588
13550
13508
13473
13440
13404
13362
13328
13294
13256
13220
13188
13159
13127
13097
13070
13038
13006
12977
12952
12932
12908
12885
12869
12842
12818
12802
12788
12768
12750
12736
12723
12706
12697
12689
12680
12669
12660
12650
12643
12634
12632
12625
12623
12624
12624
12625
12622
12624
12624
12624
12629
12632
12638
12643
12648
12650
12652
12658
12657
12668
12671
12678
12680
12688
12692
12698
12705
12706
12716
12720
12722
12730
12734
12734
12736
12741
12745
12750
12754
12748
12750
12753
12754
12757
12757
12754
12753
12754
12750
12753
12746
12750
12744
12742
12736
12736
12730
12724
12719
12714
12707
12698
12691
12686
12680
12672
12664
12655
12652
12643
12634
12627
12620
12610
12594
12585
12579
12569
12558
12546
12538
12526
12512
12502
12496
12484
12473
12457
12450
12440
12425
12414
12408
12394
12381
12372
12363
12350
12341
12329
12317
12305
12292
12284
12273
12260
12249
12240
12230
12220
12207
12193
12181
12174
12160
12152
12142
12131
12121
12109
12102
12088
12078
12067
12058
12048
12037
12028
12017
12010
11999
11988
11982
11972
11963
11950
11942
11933
11925
11915
11903
11900
11888
11884
11873
11864
11851
11846
11837
11825
11817
11806
11803
11793
11782
11774
11764
11752
11745
11734
11722
11713
11704
11697
11690
11681
11677
11662
11656
11649
11646
11640
11636
11636
11638
11640
11647
11654
11669
11683
11709
11736
11766
11798
11836
11876
11924
11973
12025
12085
12150
12210
12281
12350
12421
12496
12582
12658
12741
12825
12912
13004
13098
13190
13294
13390
13487
13580
13684
13785
13888
13988
14094
14200
14300
14396
14496
14593
14682
14778
14868
14961
15038
15126
15206
15282
15352
15425
15485
15545
15600
15656
15699
15733
15773
15806
15834
15857
15875
15890
15902
15913
15914
15916
15912
15902
15892
15882
15864
15848
15827
15806
15781
15758
15729
15701
15673
15642
15608
15580
15546
15509
15475
15438
15402
15363
15329
15289
15252
15218
15180
15146
15105
15068
15030
14993
14956
14917
14883
14846
14810
14772
14734
14700
14664
14632
14600
14566
14536
14502
14462
14432
14398
14364
14329
14293
14256
14220
14184
14150
14112
14070
14034
13998
13956
13920
13876
13840
13801
13759
13720
13678
13646
13606
13564
13528
13490
13459
13422
13388
13353
13322
13290
13257
13224
13198
13168
13142
13117
13092
13074
13051
13027
13004
12985
12964
12949
12929
12917
12902
12884
12876
12860
12846
12834
12829
12817
12809
12803
12798
12792
12784
12784
12785
12782
12776
12780
12772
12776
12776
12776
12777
12783
12786
12792
12790
12796
12800
12805
12809
12814
12817
12824
12832
12830
12832
12841
12846
12849
12854
12856
12858
12859
12862
12864
12867
12874
12871
12870
12868
12870
12870
12868
12865
12865
12865
12865
12860
12860
12854
12849
12844
12839
12839
12835
12830
12826
12818
12816
12807
12798
12791
12786
12777
12766
12761
12754
12748
12739
12724
12713
12707
12698
12688
12680
12670
12661
12652
12635
12625
12618
12610
12601
12593
12586
12572
12558
12548
12538
12529
12517
12505
12497
12490
12478
12466
12456
12446
12435
12424
12412
12399
12388
12377
12370
12356
12342
12334
12321
12311
12302
12292
12281
12265
12256
12243
12233
12224
12213
12200
12191
12176
12169
12157
12148
12136
12126
12116
12105
12092
12082
12074
12064
12052
12040
12035
12025
12017
12003
11992
11980
11966
11962
11954
11944
11930
11922
11913
11907
11896
11886
11881
11876
11864
11856
11849
11838
11830
11822
11817
11811
11798
11794
11790
11782
11768
11761
11750
11743
11734
11729
11720
11713
11700
11694
11683
11678
11676
11667
11654
11645
11636
11630
11624
11616
11609
11605
11598
11590
11584
11577
11569
11568
11564
11566
11570
11571
11581
11592
11610
11630
11654
11684
11717
11752
11794
11841
11896
11948
12012
12076
12145
12209
12280
12352
12434
12510
12594
12682
12771
12862
12957
13049
13144
13245
13342
13446
13550
13656
13760
13871
13975
14083
14188
14297
14406
14508
14609
14713
14814
14907
15004
15096
15182
15272
15352
15435
15506
15577
15641
15702
15760
15809
15857
15902
15941
15974
16001
16027
16046
16062
16074
16073
16080
16076
16070
16064
16056
16046
16033
16014
15989
15971
15944
15918
15887
15856
15827
15794
15759
15726
15693
15657
15618
15582
15539
15508
15470
15432
15392
15352
15316
15275
15237
15200
15162
15124
15083
15044
15006
14972
14936
14899
14862
14824
14794
14755
14717
14683
14653
14619
14585
14553
14515
14481
14447
14408
14374
14335
14301
14268
14230
14192
14154
14116
14077
14034
14000
13957
13913
13880
13839
13800
13760
13721
13682
13645
13603
13569
13532
13497
13461
13428
13398
13364
13334
13305
13271
13245
13218
13193
13166
13141
13115
13094
13073
13052
13028
13008
12990
12974
12960
12942
12927
12914
12901
12885
12881
12867
12858
12846
12840
12830
12822
12817
12814
12814
12810
12808
12808
12806
12805
12808
12808
12811
12809
12812
12816
12817
12822
12828
12829
12831
12838
12844
12847
12851
12850
12857
12862
12865
12872
12876
12877
12881
12878
12884
12886
12888
12886
12890
12892
12892
12894
12890
12892
12892
12892
12888
12884
12883
12881
12877
12875
12872
12868
12866
12860
12851
12849
12844
12836
12832
12825
12820
12810
12803
12798
12790
12782
12776
12762
12752
12748
12734
12726
12716
12707
12696
12684
12677
12671
12660
12646
12636
12625
12614
12604
12595
12582
12574
12561
12554
12545
12531
12520
12512
12501
12492
12481
12465
12456
12448
12438
12424
12410
12401
12392
12381
12370
12353
12345
12336
12324
12312
12298
12292
12281
12269
12256
12246
12238
12227
12216
12202
12197
12189
12175
12160
12145
12132
12122
12114
12106
12094
12086
12078
12068
12058
12048
12042
12030
12019
12006
11997
11983
11980
11967
11958
11948
11940
11931
11918
11909
11897
11889
11884
11875
11866
11858
11848
11839
11834
11824
11818
11808
11804
11792
11786
11776
11770
11765
11754
11752
11744
11737
11731
11724
11716
11709
11700
11697
11694
11684
11674
11670
11659
11653
11648
11641
11633
11625
11617
11613
11603
11597
11594
11587
11582
11570
11561
11556
11550
11548
11539
11534
11523
11520
11518
11516
11510
11508
11510
11519
11534
11549
11560
11580
11606
11636
11676
11713
11758
11804
11856
11916
11972
12033
12096
12167
12238
12316
12396
12476
12558
12644
12734
12821
12915
13011
13111
13209
13310
13413
13516
13624
13728
13834
13941
14052
14157
14268
14371
14478
14580
14685
14787
14884
14978
15072
15167
15257
15344
15418
15496
15571
15645
15701
15761
15818
15861
15911
15951
15982
16009
16034
16058
16071
16089
16095
16099
16102
16099
16099
16086
16074
16057
16042
16022
15998
15973
15949
15925
15894
15861
15825
15788
15753
15724
15688
15649
15608
15574
15534
15498
15461
15424
15379
15342
15301
15257
15217
15182
15142
15103
15065
15034
14997
14954
14918
14884
14846
14809
14774
14737
14704
14668
14633
14598
14563
14528
14496
14462
14426
14392
14352
14318
14278
14238
14201
14161
14121
14084
14044
14003
13961
13921
13884
13844
13806
13764
13724
13682
13645
13600
13566
13534
13500
13455
13420
13388
13354
13324
13289
13262
13238
13209
13176
13150
13128
13100
13073
13050
13030
13006
12989
12966
12949
12931
12912
12894
12878
12870
12860
12846
12833
12819
12808
12797
12793
12788
12782
12776
12773
12766
12763
12762
12756
12758
12756
12750
12756
12757
12762
12760
12761
12765
12769
12768
12772
12774
12776
12780
12785
12794
12798
12796
12803
12801
12806
12814
12818
12819
12826
12826
12828
12832
12829
12830
12836
12838
12842
12844
12846
12840
12840
12838
12838
12836
12832
12833
12830
12828
12825
12817
12816
12810
12804
12799
12798
12790
12786
12780
12772
12762
12757
12750
12744
12734
12729
12720
12710
12705
12694
12680
12670
12662
12656
12650
12637
12621
12616
12604
12596
12586
12572
12561
12550
12540
12528
12520
