1 3000 500
12505
12498
12483
12473
12462
12450
12438
12425
12416
12404
12401
12387
12370
12360
12346
12338
12328
12316
12302
12289
12278
12266
12256
12245
12234
12222
12213
12200
12185
12176
12168
12154
12143
12132
12127
12116
12104
12095
12082
12074
12059
12049
12037
12026
12017
12004
11989
11978
11971
11963
11954
11942
11932
11924
11916
11902
11891
11882
11870
11866
11854
11844
11834
11824
11818
11805
11796
11790
11784
11777
11766
11752
11742
11737
11732
11722
11713
11705
11697
11686
11682
11673
11665
11660
11658
11649
11640
11634
11630
11624
11616
11609
11604
11597
11592
11581
11574
11569
11558
11554
11553
11544
11539
11534
11526
11516
11512
11505
11498
11492
11486
11478
11473
11468
11460
11452
11449
11441
11438
11429
11418
11414
11408
11404
11396
11397
11392
11390
11389
11398
11404
11412
11425
11444
11464
11492
11520
11552
11591
11636
11680
11729
11784
11840
11903
11966
12035
12109
12185
12264
12342
12423
12506
12596
12686
12779
12872
12966
13066
13166
13265
13367
13472
13576
13682
13793
13897
14001
14110
14217
14324
14432
14537
14634
14731
14832
14928
15017
15109
15189
15274
15352
15427
15496
15563
15618
15683
15728
15772
15818
15852
15886
15915
15936
15954
15966
15972
15981
15982
15982
15976
15966
15960
15946
15933
15913
15892
15868
15842
15818
15790
15759
15724
15693
15658
15625
15588
15549
15514
15472
15435
15398
15351
15314
15278
15236
15198
15152
15112
15071
15032
14990
14952
14912
14876
14836
14797
14757
14720
14687
14649
14614
14574
14538
14502
14465
14428
14393
14357
14321
14284
14249
14208
14174
14136
14100
14060
14025
13984
13941
13902
13860
13818
13778
13734
13697
13658
13620
13576
13538
13500
13462
13429
13390
13356
13320
13286
13252
13218
13186
13155
13124
13094
13070
13041
13016
12988
12962
12935
12914
12894
12872
12852
12827
12814
12796
12778
12764
12750
12732
12719
12709
12698
12686
12676
12667
12658
12651
12644
12640
12636
12629
12625
12620
12621
12621
12621
12616
12614
12614
12612
12616
12621
12623
12622
12627
12627
12633
12635
12638
12645
12650
12658
12660
12664
12670
12673
12676
12680
12686
12690
12694
12696
12699
12699
12701
12700
12704
12703
12704
12706
12707
12708
12713
12710
12712
12709
12705
12706
12705
12701
12703
12697
12694
12694
12691
12684
12675
12676
12669
12661
12655
12646
12640
12633
12628
12618
12613
12602
12592
12589
12579
12565
12560
12550
12537
12526
12516
12501
12494
12488
12478
12472
12458
12449
12434
12425
12414
12405
12390
12379
12366
12353
12345
12332
12322
12308
12297
12288
12280
12265
12254
12242
12230
12217
12209
12197
12186
12174
12161
12152
12142
12126
12116
12105
12098
12083
12069
12056
12044
12033
12020
12009
12000
11991
11980
11967
11956
11948
11936
11928
11916
11906
11894
11882
11873
11865
11854
11843
11833
11822
11812
11802
11793
11784
11770
11762
11754
11742
11731
11722
11712
11705
11694
11686
11672
11662
11652
11640
11637
11630
11614
11606
11600
11593
11585
11576
11570
11562
11558
11556
11544
11532
11526
11517
11510
11504
11493
11480
11476
11471
11466
11460
11453
11444
11436
11432
11426
11417
11410
11408
11398
11393
11387
11382
11370
11363
11356
11352
11345
11337
11328
11320
11312
11305
11300
11296
11292
11284
11276
11268
11260
11256
11253
11248
11240
11233
11236
11233
11233
11230
11236
11248
11260
11272
11288
11313
11342
11372
11408
11445
11493
11540
11593
11638
11698
11758
11822
11890
11964
12038
12112
12185
12266
12350
12438
12529
12620
12714
12804
12894
12992
13094
13192
13296
13393
13497
13600
13703
13807
13908
14008
14117
14212
14312
14405
14499
14593
14685
14770
14855
14937
15010
15081
15152
15214
15273
15331
15384
15429
15470
15508
15540
15569
15593
15610
15627
15636
15644
15644
15649
15640
15634
15621
15609
15594
15580
15555
15530
15509
15480
15450
15421
15390
15360
15321
15289
15252
15213
15170
15129
15090
15052
15013
14970
14932
14897
14854
14806
14766
14724
14688
14648
14609
14570
14532
14494
14452
14410
14372
14336
14304
14260
14222
14188
14152
14116
14078
14042
14012
13976
13934
13896
13859
13823
13786
13743
13708
13669
13633
13596
13551
13513
13472
13429
13392
13354
13317
13277
13241
13202
13167
13138
13100
13063
13025
12994
12965
12936
12903
12871
12843
12818
12792
12768
12741
12718
12693
12677
12654
12638
12620
12600
12585
12570
12552
12537
12522
12513
12501
12489
12484
12469
12462
12454
12446
12444
12440
12437
12436
12438
12432
12430
12426
12424
12430
12432
12434
12430
12436
12444
12442
12450
12456
12456
12462
12465
12472
12477
12483
12489
12491
12496
12502
12505
12511
12516
12524
12526
12530
12532
12541
12542
12544
12549
12546
12552
12552
12552
12554
12558
12558
12558
12558
12552
12553
12552
12547
12548
12544
12538
12535
12532
12524
12520
12517
12509
12507
12498
12489
12484
12476
12470
12468
12459
12453
12442
12430
12424
12417
12408
12398
12390
12384
12374
12360
12346
12337
12326
12314
12310
12303
12286
12276
12266
12254
12238
12230
12218
12209
12198
12190
12175
12163
12154
12143
12129
12121
12109
12095
12082
12072
12057
12049
12035
12025
12016
12005
11989
11982
11969
11957
11950
11939
11929
11915
11907
11896
11888
11875
11862
11852
11844
11830
11820
11809
11802
11790
11782
11770
11761
11753
11741
11729
11724
11707
11699
11692
11684
11678
11670
11658
11646
11637
11630
11623
11609
11603
11598
11590
11582
11570
11560
11549
11542
11534
11526
11520
11512
11504
11492
11484
11481
11474
11468
11460
11451
11438
11434
11426
11420
11412
11404
11396
11388
11384
11374
11368
11358
11353
11349
11341
11334
11326
11320
11313
11308
11305
11297
11291
11286
11278
11268
11260
11252
11246
11241
11236
11230
11222
11218
11214
11214
11217
11216
11222
11231
11246
11258
11278
11299
11326
11361
11393
11434
11476
11524
11576
11625
11684
11747
11813
11882
11950
12017
12091
12169
12246
12327
12408
12497
12586
12675
12764
12856
12948
13041
13134
13230
13329
13424
13522
13617
13710
13809
13906
13998
14094
14184
14273
14361
14444
14526
14604
14676
14748
14817
14880
14939
14996
15044
15093
15136
15176
15208
15237
15266
15293
15306
15318
15329
15334
15336
15333
15328
15325
15310
15294
15278
15257
15233
15205
15182
15154
15121
15092
15056
15024
14991
14954
14912
14872
14830
14792
14752
14710
14669
14625
14579
14542
14502
14460
14421
14377
14339
14300
14264
14224
14182
14142
14104
14068
14028
13990
13952
13914
13876
13839
13800
13763
13724
13693
13649
13608
13572
13533
13489
13454
13412
13374
13338
13300
13257
13214
13177
13138
13099
13063
13030
12990
12956
12922
12890
12856
12820
12794
12758
12728
12699
12670
12639
12617
12593
12570
12548
12524
12503
12482
12462
12444
12424
12408
12393
12380
12366
12352
12340
12330
12318
12309
12304
12298
12287
12284
12280
12278
12273
12273
12272
12272
12274
12274
12272
12275
12280
12285
12282
12291
12297
12305
12309
12315
12324
12330
12334
12341
12347
12356
12361
12368
12373
12381
12382
12392
12401
12404
12414
12418
12420
12425
12431
12434
12437
12444
12449
12447
12450
12452
12455
12457
12456
12456
12460
12457
12453
12454
12453
12456
12452
12450
12446
12446
12444
12435
12432
12423
12420
12412
12406
12403
12396
12390
12380
12370
12362
12356
12345
12341
12330
12323
12307
12298
12289
12281
12273
12267
12255
12244
12233
12216
12211
12206
12195
12182
12169
12156
12144
12132
12118
12108
12099
12091
12073
12064
12058
12042
12029
12016
12005
11997
11979
11969
11960
11950
11934
11925
11913
11902
11892
11884
11873
11860
11849
11841
11827
11816
11806
11796
11785
11774
11765
11758
11745
11734
11726
11715
11710
11694
11680
11673
11664
11656
11645
11640
11626
11622
11613
11603
11592
11585
11578
11572
11566
11556
11548
11534
11529
11523
11516
11506
11497
11488
11484
11472
11463
11455
11446
11438
11434
11423
11416
11408
11400
11390
11386
11380
11377
11370
11360
11344
11340
11334
11328
11316
11314
11309
11300
11296
11288
11286
11284
11283
11284
11290
11298
11304
11317
11334
11361
11382
11413
11445
11486
11528
11570
11616
11674
11731
11790
11848
11914
11982
12048
12122
12200
12274
12356
12435
12518
12602
12686
12776
12860
12954
13043
13136
13226
13322
13417
13508
13601
13692
13788
13881
13972
14056
14150
14234
14317
14396
14476
14545
14621
14691
14756
14817
14872
14928
14975
15024
15064
15100
15137
15165
15187
15208
15225
15236
15249
15253
15252
15250
15250
15241
15229
15216
15196
15178
15156
15137
15107
15077
15048
15021
14988
14956
14919
14883
14848
14812
14772
14734
14692
14652
14614
14576
14533
14496
14452
14416
14372
14337
14299
14258
14218
14182
14142
14105
14070
14028
13992
13955
13923
13881
13841
13804
13765
13732
13690
13656
13620
13585
13545
13507
13465
13425
13384
13346
13304
13264
13224
13182
13143
13106
13070
13034
12998
12964
12929
12888
12857
12822
12792
12762
12728
12697
12670
12642
12621
12595
12572
12550
12527
12506
12481
12460
12442
12424
12409
12393
12380
12366
12355
12345
12326
12320
12314
12308
12302
12294
12291
12285
12280
12280
12278
12280
12281
12280
12282
12286
12291
12292
12297
12302
12310
12317
12326
12330
12341
12345
12351
12358
12366
12373
12380
12390
12394
12408
12412
12418
12425
12434
12441
12452
12456
12460
12468
12473
12477
12483
12484
12492
12494
12494
12500
12501
12502
12502
12503
12501
12501
12504
12502
12496
12496
12490
12488
12484
12483
12478
12472
12466
12458
12455
12450
12445
12440
12432
12424
12416
12408
12398
12392
12384
12373
12364
12353
12345
12335
12320
12312
12304
12292
12286
12274
12260
12253
12240
12227
12217
12206
12192
12180
12168
12156
12144
12134
12123
12111
12094
12086
12073
12059
12046
12037
12018
12011
11997
11988
11976
11964
11954
11944
11931
11920
11908
11898
11890
11878
11865
11857
11846
11837
11822
11813
11804
11790
11785
11774
11765
11753
11742
11736
11728
11720
11706
11699
11685
11681
11676
11667
11655
11648
11635
11624
11619
11609
11604
11594
11591
11582
11570
11560
11555
11550
11541
11531
11524
11520
11510
11498
11492
11484
11476
11470
11460
11453
11445
11439
11432
11418
11416
11409
11399
11398
11393
11389
11389
11387
11389
11398
11402
11414
11429
11450
11474
11504
11535
11576
11616
11662
11706
11758
11814
11876
11938
11998
12062
12132
12208
12286
12364
12441
12526
12607
12692
12787
12875
12962
13052
13142
13239
13332
13427
13520
13621
13710
13812
13902
14000
14088
14181
14270
14361
14443
14526
14610
14680
14756
14828
14898
14958
15017
15072
15124
15166
15208
15248
15281
15310
15333
15352
15369
15384
15397
15402
15400
15395
15389
15385
15374
15362
15344
15326
15300
15278
15252
15226
15197
15166
15131
15097
15062
15033
14997
14963
14926
14886
14847
14808
14766
14731
14691
14653
14616
14573
14534
14494
14454
14417
14380
14343
14307
14269
14234
14193
14156
14118
14084
14048
14016
13980
13942
13908
13870
13833
13795
13756
13721
13686
13646
13606
13564
13524
13488
13450
13412
13369
13327
13288
13253
13217
13177
13141
13104
13066
13038
13004
12970
12936
12906
12876
12848
12820
12792
12762
12736
12712
12690
12666
12644
12621
12601
12584
12566
12548
12531
12519
12505
12488
12475
12462
12453
12446
12439
12428
12427
12420
12417
12410
12409
12408
12410
12409
12412
12409
12416
12417
12425
12428
12428
12434
12440
12447
12457
12458
12468
12476
12480
12488
12497
12505
12511
12523
12531
12540
12547
12553
12560
12565
12577
12579
12584
12593
12597
12604
12609
12612
12612
12621
12621
12623
12627
12628
12624
12630
12629
12629
12630
12627
12629
12621
12618
12618
12612
12611
12606
12603
12601
12594
12585
12580
12573
12566
12560
12552
12544
12538
12524
12518
12510
12501
12490
12481
12472
12462
12452
12440
12428
12416
12406
12400
12388
12378
12363
12350
12337
12326
12316
12302
12286
12278
12270
12256
12242
12228
12215
12206
12194
12181
12172
12156
12142
12133
12122
12110
12094
12086
12074
12062
12046
12036
12026
12016
12004
11989
11977
11968
11958
11948
11941
11932
11925
11914
11900
11892
11880
11868
11857
11849
11838
11828
11824
11813
11798
11790
11778
11768
11756
11750
11742
11736
11724
11718
11708
11698
11689
11680
11670
11660
11649
11645
11636
11624
11620
11613
11603
11598
11592
11581
11570
11564
11553
11550
11539
11536
11528
11520
11512
11510
11506
11505
11506
11506
11512
11520
11532
11548
11566
11590
11617
11652
11694
11735
11780
11826
11880
11934
11998
12061
12131
12200
12273
12344
12418
12500
12584
12666
12754
12840
12930
13022
13114
13206
13300
13394
13494
13592
13694
13793
13892
13986
14080
14180
14275
14371
14460
14548
14634
14717
14796
14877
14948
15020
15084
15146
15205
15259
15310
15354
15395
15428
15466
15494
15516
15534
15547
15557
15570
15572
15570
15568
15561
15550
15535
15521
15500
15480
15459
15437
15416
15382
15353
15320
15288
15254
15221
15186
15154
15116
15076
15032
14998
14961
14924
14886
14846
14805
14767
14728
14691
14654
14616
14579
14538
14502
14462
14425
14389
14353
14320
14286
14256
14214
14176
14142
14110
14072
14036
14003
13969
13930
13898
13857
13820
13781
13746
13707
13672
13633
13594
13552
13510
13470
13434
13396
13360
13321
13284
13245
13209
13176
13139
13104
13070
13043
13006
12974
12944
12918
12890
12865
12838
12816
12790
12761
12741
12718
12700
12678
12658
12638
12625
12612
12597
12582
12569
12562
12552
12540
12529
12521
12515
12512
12506
12502
12498
12497
12501
12500
12500
12502
12498
12504
12509
12512
12516
12522
12526
12527
12536
12544
12548
12554
12558
12566
12572
12583
12584
12590
12600
12605
12609
12616
12621
12627
12627
12631
12635
12644
12650
12654
12658
12660
12663
12665
12665
12666
12670
12667
12665
12666
12668
12662
12661
12657
12654
12650
12648
12644
12640
12637
12628
12625
12623
12614
12606
12598
12593
12588
12576
12566
12561
12552
12541
12530
12521
12512
12501
12492
12480
12472
12462
12454
12442
12433
12422
12414
12404
12391
12381
12367
12362
12351
12337
12328
12313
12305
12289
12280
12268
12259
12244
12234
12222
12209
12200
12189
12178
12168
12154
12142
12129
12121
12108
12098
12085
12071
12060
12049
12035
12022
12016
12001
11990
11982
11966
11956
11948
11935
11926
11918
11907
11901
11892
11880
11868
11856
11849
11838
11830
11824
11812
11805
11794
11788
11774
11767
11756
11748
11738
11729
11720
11708
11701
11696
11683
11675
11664
11657
11640
11636
11630
11622
11617
11608
11597
11590
11580
11570
11562
11554
11544
11536
11524
11516
11512
11508
11500
11494
11492
11487
11486
11491
11491
11497
11507
11520
11542
11565
11588
11617
11656
11698
11741
11790
11839
11894
11955
12019
12082
12152
12220
12296
12376
12456
12542
12628
12714
12805
12894
12989
13084
13178
13280
13374
13476
13573
13678
13780
13883
13986
14086
14190
14292
14389
14482
14577
14669
14762
14852
14932
15011
15090
15164
15229
15294
15352
15412
15466
15511
15557
15596
15630
15654
15680
15698
15715
15728
15737
15742
15742
15736
15730
15722
15706
15693
15677
15654
15634
15614
15584
15560
15529
15496
15466
15433
15396
15360
15325
15292
15256
15217
15176
15139
15101
15062
15022
14985
14946
14906
14866
14830
14791
14757
14717
14678
14642
14604
14569
14534
14498
14464
14422
14392
14357
14325
14292
14260
14222
14188
14152
14118
14090
14052
14017
13982
13947
13909
13872
13836
13796
13760
13721
13683
13642
13604
13569
13530
13492
13454
13416
13380
13344
13306
13270
13238
13206
13170
13142
13108
13078
13050
13022
12996
12965
12940
12916
12890
12868
12847
12820
12804
12785
12766
12748
12732
12718
12702
12692
12677
12665
12654
12646
12633
12623
12621
12619
12607
12606
12600
12600
12594
12594
12596
12598
12600
12598
12598
12603
12604
12608
12609
12612
12616
12622
12627
12632
12635
12638
12639
12645
12646
12656
12662
12670
12672
12680
12681
12681
12686
12686
12690
12687
12696
12692
12697
12698
12696
12697
12694
12694
12693
12692
12693
12691
12689
12686
12684
12677
12670
12670
12663
12659
12652
12648
12643
12636
12629
12621
12610
12610
12604
12593
12586
12576
12570
12560
12550
12538
12530
12520
12514
12502
12496
12489
12478
12466
12456
12448
12433
12424
12410
12403
12390
12380
12368
12364
12349
12341
12328
12317
12305
12296
12284
12276
12264
12259
12242
12234
12220
12213
12196
12192
12180
12172
12158
12150
12136
12128
12117
12108
12096
12085
12076
12061
12047
12037
12026
12014
12005
11993
11985
11972
11965
11954
11938
11932
11920
11905
11891
11885
11875
11862
11850
11843
11830
11822
11813
11800
11793
11780
11772
11764
11758
11747
11733
11728
11716
11708
11700
11692
11684
11676
11668
11662
11654
11646
11637
11630
11620
11613
11606
11598
11595
11586
11577
11570
11562
11553
11549
11539
11534
11524
11516
11511
11498
11492
11483
11478
11470
11463
11454
11443
11438
11432
11424
11417
11410
11406
11403
11394
11388
11387
11385
11390
11395
11404
11414
11430
11450
11478
11502
11540
11576
11619
11659
11713
11766
11825
11886
11951
12020
12096
12174
12246
12328
12413
12498
12584
12676
12769
12868
12966
13061
13160
13257
13366
13470
13574
13677
13780
13892
13998
14104
14209
14308
14414
14513
14610
14707
14798
14891
14979
15058
15140
15221
15290
15357
15420
15477
15532
15578
15630
15665
15697
15731
15758
15779
15798
15806
15818
15819
15820
15816
15809
15799
15785
15769
15750
15731
15710
15688
15657
15632
15602
15566
15535
15500
15462
15427
15389
15349
15312
15272
15229
15188
15150
15110
15068
15029
14990
14947
14906
14869
14830
14790
14753
14713
14675
14636
14598
14558
14522
14488
14456
14420
14387
14353
14320
14286
14249
14217
14182
14149
14115
14077
14041
14007
13971
13938
13898
13861
13827
13790
13755
13712
13676
13640
13600
13560
13518
13480
13446
13408
13369
13334
13300
13265
13227
13193
13158
13128
13102
13070
13038
13008
12981
12956
12928
12902
12878
12858
12838
12812
12792
12771
12752
12733
12714
12701
12686
12676
12658
12646
12634
12624
12616
12604
12602
12597
12590
12582
12576
12573
12568
12572
12566
12563
12564
12564
12563
12564
12566
12568
12572
12572
12579
12582
12590
12590
12594
12597
12604
12605
12608
12612
12620
12624
12630
12634
12633
12640
12643
12644
12645
12648
12649
12650
12650
12653
12654
12652
12650
12654
12654
12651
12648
12646
12645
12643
12638
12634
12631
12626
12624
12620
12612
12611
12606
12604
12595
12592
12586
12577
12569
12562
12552
12544
12536
12529
12521
12512
12500
12497
12486
12478
12467
12457
12446
12437
12426
12421
12407
12398
12384
12374
12368
12356
12344
12334
12323
12308
12296
12292
12281
12271
12259
12247
12242
12227
12217
12207
12199
12185
12178
12168
12150
12142
12131
12117
12112
12099
12086
12080
12067
12056
12046
12036
12024
12018
12003
11993
11984
11972
11963
11952
11939
11934
11921
11909
11897
11886
11872
11865
11858
11846
11837
11822
11813
