1 3000 500
11804
11790
11781
11773
11765
11752
11741
11732
11723
11715
11706
11697
11686
11669
11663
11656
11646
11638
11630
11622
11616
11605
11598
11592
11584
11578
11570
11562
11557
11548
11539
11534
11528
11518
11514
11502
11500
11494
11487
11480
11470
11465
11460
11450
11441
11433
11425
11422
11417
11408
11404
11397
11391
11386
11378
11374
11366
11360
11350
11342
11340
11329
11325
11316
11312
11301
11299
11294
11296
11294
11289
11294
11302
11312
11325
11341
11363
11393
11420
11454
11500
11544
11590
11638
11694
11757
11818
11882
11950
12027
12101
12180
12261
12342
12425
12517
12612
12705
12795
12892
12993
13093
13198
13300
13408
13507
13612
13716
13823
13929
14032
14138
14242
14345
14448
14548
14648
14737
14826
14916
15002
15079
15158
15230
15298
15356
15418
15472
15523
15570
15612
15651
15684
15708
15732
15748
15761
15769
15774
15774
15772
15764
15753
15740
15724
15709
15689
15666
15644
15616
15592
15558
15532
15497
15462
15430
15390
15356
15318
15284
15249
15209
15174
15129
15088
15049
15009
14968
14930
14888
14852
14816
14779
14740
14699
14661
14620
14587
14552
14514
14478
14446
14409
14372
14334
14303
14272
14233
14200
14165
14131
14094
14062
14032
13996
13961
13926
13885
13851
13812
13774
13737
13700
13658
13621
13580
13541
13504
13468
13429
13390
13356
13318
13281
13250
13207
13181
13144
13110
13081
13046
13022
12990
12962
12936
12911
12887
12860
12840
12814
12795
12766
12744
12724
12708
12693
12669
12654
12643
12621
12609
12597
12584
12577
12561
12554
12548
12540
12532
12522
12521
12518
12510
12510
12510
12510
12507
12507
12510
12510
12509
12509
12514
12515
12521
12522
12526
12529
12532
12540
12541
12545
12549
12552
12558
12560
12564
12568
12573
12572
12573
12575
12582
12580
12586
12589
12593
12591
12594
12590
12593
12592
12593
12592
12591
12594
12593
12590
12582
12582
12580
12576
12574
12572
12562
12558
12550
12549
12546
12538
12532
12526
12520
12513
12506
12497
12488
12484
12480
12466
12459
12453
12442
12432
12420
12414
12401
12394
12382
12372
12364
12353
12342
12334
12326
12313
12306
12296
12284
12273
12264
12252
12238
12230
12224
12206
12195
12182
12172
12160
12146
12134
12127
12113
12104
12094
12078
12065
12055
12050
12040
12028
12017
12006
11996
11982
11970
11963
11953
11940
11933
11924
11912
11897
11886
11872
11862
11855
11845
11834
11823
11812
11804
11800
11786
11772
11762
11751
11742
11730
11722
11713
11704
11697
11683
11671
11664
11656
11645
11633
11622
11615
11608
11600
11592
11581
11571
11564
11556
11549
11539
11532
11520
11513
11506
11496
11488
11484
11476
11473
11464
11460
11450
11442
11434
11428
11420
11412
11408
11400
11395
11384
11378
11370
11368
11359
11355
11350
11340
11334
11328
11320
11314
11310
11304
11300
11290
11285
11276
11269
11264
11260
11256
11250
11240
11237
11228
11228
11218
11211
11210
11208
11203
11198
11190
11198
11204
11208
11217
11231
11246
11267
11292
11324
11358
11398
11442
11493
11540
11596
11656
11715
11780
11846
11913
11990
12067
12146
12229
12312
12398
12488
12582
12678
12776
12873
12966
13063
13164
13266
13370
13475
13582
13684
13788
13893
13995
14101
14206
14307
14406
14502
14595
14680
14769
14854
14930
15012
15082
15154
15217
15272
15331
15384
15430
15474
15510
15542
15571
15597
15620
15631
15642
15654
15662
15657
15654
15645
15634
15621
15614
15598
15576
15552
15528
15496
15470
15438
15409
15375
15342
15310
15272
15232
15190
15154
15115
15075
15029
14995
14955
14916
14874
14836
14796
14753
14713
14674
14634
14598
14556
14522
14484
14448
14410
14371
14333
14302
14266
14227
14190
14158
14122
14093
14058
14026
13988
13956
13912
13878
13840
13806
13770
13732
13697
13655
13622
13582
13544
13508
13468
13428
13389
13347
13310
13270
13234
13201
13162
13130
13098
13062
13027
12993
12962
12933
12900
12866
12838
12808
12786
12756
12734
12712
12686
12665
12645
12624
12604
12582
12569
12548
12536
12522
12506
12495
12480
12462
12453
12444
12436
12430
12421
12412
12404
12400
12394
12388
12385
12382
12385
12382
12381
12381
12382
12384
12387
12387
12389
12393
12394
12398
12400
12401
12404
12412
12416
12420
12421
12428
12426
12432
12434
12438
12444
12449
12450
12453
12456
12457
12464
12466
12466
12466
12472
12473
12474
12473
12473
12472
12470
12472
12467
12466
12466
12462
12460
12454
12453
12448
12442
12442
12433
12433
12426
12420
12416
12414
12408
12400
12393
12385
12378
12373
12362
12354
12350
12338
12330
12319
12308
12298
12289
12280
12271
12260
12251
12240
12230
12217
12208
12200
12186
12176
12164
12150
12144
12132
12118
12112
12097
12093
12084
12074
12062
12053
12038
12026
12017
12008
11996
11983
11969
11957
11950
11934
11924
11918
11903
11897
11888
11876
11862
11854
11843
11834
11822
11812
11803
11793
11784
11774
11763
11750
11738
11732
11723
11708
11702
11686
11677
11667
11658
11652
11640
11630
11620
11612
11602
11594
11582
11573
11566
11556
11550
11536
11526
11516
11510
11502
11493
11484
11473
11462
11452
11441
11432
11424
11417
11412
11406
11395
11388
11382
11377
11368
11360
11353
11346
11338
11333
11324
11320
11315
11308
11303
11302
11292
11282
11278
11272
11264
11257
11256
11253
11243
11236
11231
11226
11224
11214
11208
11201
11197
11189
11184
11176
11169
11162
11157
11155
11148
11140
11130
11124
11116
11114
11110
11108
11103
11098
11092
11092
11088
11093
11094
11108
11124
11136
11158
11182
11210
11241
11280
11319
11364
11414
11465
11524
11580
11643
11710
11782
11849
11928
12004
12084
12166
12252
12337
12426
12514
12606
12701
12795
12892
12989
13086
13190
13292
13391
13492
13590
13693
13790
13888
13988
14088
14184
14279
14372
14458
14540
14625
14702
14782
14854
14926
14988
15048
15103
15153
15203
15250
15286
15318
15352
15377
15398
15414
15427
15439
15443
15444
15444
15434
15428
15414
15406
15382
15363
15346
15322
15299
15274
15244
15208
15182
15148
15109
15076
15045
15009
14968
14931
14896
14853
14814
14776
14739
14698
14662
14620
14581
14542
14499
14462
14425
14388
14348
14313
14276
14238
14204
14169
14132
14097
14058
14024
13994
13957
13920
13886
13849
13817
13784
13749
13708
13674
13638
13606
13567
13528
13490
13454
13416
13374
13338
13297
13262
13228
13187
13150
13113
13074
13038
13002
12968
12936
12908
12872
12843
12810
12782
12753
12722
12694
12669
12644
12621
12597
12576
12554
12526
12509
12491
12470
12450
12434
12422
12406
12393
12378
12364
12350
12339
12326
12314
12306
12302
12291
12283
12282
12280
12274
12270
12270
12270
12268
12265
12268
12264
12267
12270
12266
12266
12266
12270
12272
12275
12275
12279
12285
12288
12293
12294
12296
12302
12308
12308
12310
12315
12318
12321
12324
12329
12334
12336
12340
12340
12342
12344
12341
12346
12350
12348
12346
12344
12342
12338
12340
12340
12334
12328
12328
12324
12325
12320
12314
12309
12306
12300
12297
12289
12285
12278
12273
12268
12264
12254
12250
12242
12238
12227
12214
12214
12201
12194
12189
12178
12168
12157
12148
12142
12131
12122
12112
12104
12090
12080
12072
12057
12049
12044
12033
12022
12011
12000
11993
11978
11970
11960
11946
11938
11929
11921
11908
11896
11888
11876
11865
11856
11845
11834
11827
11816
11801
11790
11785
11772
11764
11750
11740
11731
11720
11712
11701
11694
11682
11672
11665
11654
11644
11634
11622
11613
11601
11594
11584
11573
11564
11555
11547
11534
11525
11518
11508
11497
11491
11484
11472
11464
11460
11450
11441
11432
11421
11414
11402
11398
11395
11384
11378
11369
11364
11355
11348
11342
11336
11332
11326
11318
11315
11304
11294
11288
11286
11278
11272
11267
11256
11250
11244
11238
11235
11224
11217
11210
11201
11192
11182
11176
11166
11165
11156
11149
11144
11132
11128
11121
11112
11108
11100
11090
11084
11080
11078
11075
11074
11070
11072
11081
11084
11094
11105
11121
11144
11168
11197
11231
11267
11308
11352
11402
11454
11508
11569
11626
11690
11760
11825
11900
11977
12057
12131
12217
12299
12382
12474
12566
12656
12751
12846
12944
13040
13135
13226
13322
13422
13520
13621
13720
13816
13907
13998
14090
14184
14271
14352
14437
14512
14589
14662
14727
14793
14854
14908
14964
15013
15059
15096
15132
15164
15192
15217
15236
15251
15267
15276
15278
15281
15280
15276
15268
15254
15244
15225
15204
15182
15158
15137
15110
15080
15053
15024
14993
14958
14921
14885
14850
14813
14777
14738
14700
14661
14624
14589
14552
14508
14470
14435
14393
14357
14320
14284
14248
14205
14173
14137
14098
14059
14021
13992
13957
13922
13887
13853
13820
13786
13749
13714
13678
13640
13604
13572
13533
13492
13454
13416
13380
13342
13304
13269
13237
13192
13152
13117
13078
13041
13009
12969
12935
12904
12866
12830
12801
12766
12737
12710
12682
12654
12626
12597
12576
12548
12526
12501
12484
12458
12438
12416
12394
12372
12358
12344
12328
12314
12302
12281
12270
12259
12250
12241
12232
12225
12218
12210
12206
12196
12191
12186
12188
12182
12179
12178
12175
12179
12177
12175
12177
12177
12182
12186
12185
12190
12192
12196
12198
12200
12206
12211
12208
12210
12209
12213
12217
12222
12228
12234
12240
12241
12245
12246
12249
12250
12251
12250
12250
12249
12255
12253
12255
12256
12255
12253
12252
12248
12248
12242
12240
12238
12236
12230
12230
12222
12217
12212
12210
12208
12204
12196
12190
12181
12180
12172
12172
12157
12153
12140
12133
12122
12116
12105
12097
12090
12081
12074
12062
12052
12046
12036
12024
12017
12010
11998
11988
11978
11964
11954
11946
11937
11928
11918
11904
11894
11880
11875
11865
11857
11844
11834
11822
11816
11805
11797
11786
11777
11766
11758
11747
11733
11727
11716
11705
11697
11685
11678
11674
11662
11653
11642
11635
11622
11609
11601
11590
11584
11576
11566
11556
11542
11538
11528
11515
11509
11500
11491
11483
11471
11464
11456
11445
11434
11427
11423
11418
11404
11397
11390
11381
11378
11372
11366
11356
11350
11342
11336
11326
11319
11314
11306
11304
11292
11288
11281
11270
11264
11259
11252
11240
11233
11226
11222
11212
11210
11203
11194
11187
11178
11171
11162
11154
11146
11141
11133
11128
11122
11113
11109
11104
11103
11096
11094
11102
11109
11112
11122
11139
11156
11176
11201
11230
11269
11304
11346
11388
11438
11496
11548
11606
11667
11736
11805
11872
11938
12016
12094
12176
12254
12339
12424
12508
12597
12686
12777
12868
12962
13055
13150
13248
13340
13436
13530
13628
13718
13812
13904
13994
14081
14168
14254
14331
14411
14486
14554
14621
14682
14742
14799
14856
14906
14948
14990
15026
15057
15089
15112
15134
15146
15164
15172
15178
15181
15182
15181
15172
15161
15149
15129
15112
15092
15068
15045
15020
14992
14965
14937
14908
14873
14838
14802
14768
14735
14698
14660
14622
14583
14545
14504
14465
14429
14390
14354
14318
14280
14243
14201
14168
14131
14095
14057
14020
13986
13952
13918
13882
13846
13813
13777
13742
13710
13675
13638
13603
13569
13528
13494
13458
13420
13383
13346
13304
13262
13224
13185
13148
13109
13070
13033
13001
12964
12928
12892
12857
12822
12789
12755
12726
12691
12661
12626
12603
12573
12541
12520
12491
12466
12441
12420
12398
12374
12357
12339
12317
12304
12281
12266
12252
12236
12222
12212
12195
12189
12178
12168
12157
12152
12145
12137
12133
12127
12124
12120
12113
12114
12111
12112
12112
12113
12109
12110
12113
12116
12116
12121
12123
12126
12126
12129
12132
12136
12140
12143
12147
12150
12153
12157
12158
12161
12166
12170
12179
12174
12174
12176
12180
12182
12184
12189
12188
12190
12188
12188
12190
12188
12185
12189
12185
12184
12179
12177
12174
12169
12169
12168
12161
12161
12157
12155
12147
12142
12134
12133
12128
12118
12110
12105
12098
12091
12082
12074
12068
12057
12055
12052
12044
12035
12024
12017
12006
11997
11988
11978
11971
11962
11953
11946
11936
11929
11922
11907
11897
11886
11876
11868
11856
11852
11841
11833
11822
11811
11800
11790
11782
11772
11765
11752
11746
11731
11724
11713
11705
11694
11684
11678
11669
11662
11652
11644
11633
11630
11612
11607
11601
11595
11585
11574
11569
11558
11548
11541
11530
11523
11509
11506
11498
11488
11477
11473
11462
11450
11443
11432
11426
11420
11406
11398
11390
11381
11372
11358
11347
11336
11322
11316
11310
11301
11292
11280
11269
11257
11252
11240
11233
11232
11228
11228
11228
11230
11239
11244
11261
11274
11299
11324
11354
11385
11422
11460
11502
11553
11602
11654
11710
11768
11833
11896
11960
12033
12108
12181
12254
12334
12413
12498
12585
12666
12754
12838
12933
13022
13109
13205
13298
13390
13480
13568
13662
13753
13838
13923
14006
14089
14173
14249
14326
14404
14468
14532
14598
14659
14713
14768
14816
14862
14906
14942
14979
15006
15030
15056
15077
15086
15101
15106
15108
15106
15105
15097
15093
15082
15068
15049
15034
15013
14993
14968
14941
14916
14884
14857
14822
14791
14755
14720
14684
14649
14614
14577
14544
14507
14472
14435
14396
14360
14321
14286
14247
14214
14176
14138
14104
14060
14028
13992
13957
13921
13888
13856
13818
13789
13754
13718
13681
13648
13614
13576
13542
13506
13464
13433
13394
13356
13319
13288
13248
13208
13169
13129
13089
13050
13013
12977
12938
12903
12867
12828
12792
12763
12726
12692
12657
12625
12598
12564
12536
12508
12478
12453
12426
12404
12375
12358
12336
12316
12292
12274
12254
12240
12222
12206
12193
12179
12163
12148
12137
12131
12119
12108
12104
12097
12090
12083
12079
12076
12076
12072
12070
12068
12065
12065
12066
12065
12068
12070
12072
12075
12076
12082
12082
12085
12093
12096
12101
12104
12108
12110
12109
12112
12121
12125
12128
12133
12137
12142
12137
12142
12146
12147
12149
12154
12153
12152
12154
12153
12154
12156
12154
12156
12156
12153
12150
12150
12144
12142
12138
12137
12133
12126
12124
12117
12114
12108
12104
12102
12094
12088
12081
12073
12065
12058
12049
12044
12037
12026
12016
12008
12001
11987
11982
11976
11967
11957
11948
11937
11929
11922
11908
11901
11886
11877
11867
11858
11848
11838
11827
11817
11809
11796
11786
11775
11763
11756
11741
11732
11720
11712
11700
11689
11680
11672
11662
11652
11641
11632
11623
11614
11601
11597
11584
11573
11564
11555
11544
11537
11525
11516
11508
11496
11491
11484
11470
11456
11446
11437
11426
11417
11409
11398
11389
11378
11369
11360
11348
11344
11331
11320
11312
11300
11293
11281
11276
11270
11264
11260
11256
11252
11253
11260
11267
11273
11289
11310
11330
11358
11389
11421
11459
11502
11542
11592
11646
11704
11764
11826
11889
11954
12024
12097
12170
12252
12326
12405
12488
12572
12654
12742
12830
12918
13006
13094
13190
13280
13366
13455
13550
13640
13724
13813
13898
13984
14066
14145
14225
14299
14364
14432
14498
14560
14616
14668
14721
14763
14802
14840
14872
14904
14929
14947
14968
14984
14992
15002
15007
15004
14998
14990
14984
14968
14954
14939
14918
14898
14872
14840
14817
14787
14754
14723
14686
14654
14620
14581
14544
14502
14462
14429
14392
14352
14314
14271
14233
14195
14156
14118
14081
14043
14001
13965
13925
13886
13850
13814
13777
13742
13705
13665
13630
13589
13556
13523
13484
13452
13411
13372
13333
13296
13262
13221
13182
13144
13106
13070
13032
12993
12953
12913
12878
12838
12804
12769
12734
12701
12665
12632
12600
12576
12544
12519
12485
12456
12430
12401
12372
12348
12324
12302
12282
12261
12238
12218
12200
12185
12172
12160
12147
12132
12118
12109
12099
12094
12081
12074
12065
12060
12056
12050
12050
12048
12046
12044
12040
12042
12048
12046
12046
12049
12050
12052
12056
12062
12065
12073
12082
12084
12090
12092
12097
12105
12108
12113
12120
12128
12137
12142
12144
12149
12152
12158
12164
12168
12169
12174
12177
12182
12185
12186
12190
12192
12194
12190
12193
12193
12193
12190
12192
12190
12185
12183
12182
12180
12176
12170
12163
12161
12157
12150
12144
12138
12134
12126
12118
12109
12100
12098
12090
12090
12078
12065
12059
12048
12041
12033
12023
12013
12001
11990
11982
11971
11958
11947
11938
11928
11921
11908
11898
11887
11876
11866
11853
11844
11829
11822
11812
11798
11784
11773
11762
11752
11744
11732
11726
11710
11701
11688
11680
11669
11662
11648
11636
11628
11617
11606
11597
11592
11576
11569
11561
11551
11536
11532
11523
11510
11504
11496
11482
11473
11466
11459
11446
11438
11424
11417
11406
11397
11390
11380
11372
11367
11358
11346
11340
11331
11325
11318
11308
11294
11290
11280
11270
11268
11261
11254
11250
11248
11246
11246
11254
11260
11269
11288
11306
11333
11360
11392
11430
11470
11516
11562
11612
11667
11726
11786
11848
11916
11984
12052
12129
12204
12279
12358
12441
12522
12606
12690
12785
12872
12962
13052
13144
13237
13326
13427
13516
13606
13697
13790
13875
13966
14046
14131
14208
14289
14361
14429
14497
14564
14625
14681
14735
14783
14830
14869
14902
14934
14966
14993
15014
15030
15043
15048
15057
15061
15060
15057
15052
15044
15028
15012
14993
14969
14947
14924
14898
14868
14838
14806
14772
14739
14706
14668
14632
14593
14556
14517
14480
14436
14393
14357
14320
14284
14248
14212
14170
14129
14089
14053
14016
13980
13944
13902
13863
13822
13789
13748
13712
13676
13642
13604
13565
13528
13489
13452
13412
13373
13331
13295
13256
13214
13176
13137
13100
13058
13020
12978
12937
12905
12868
12830
12794
12756
12725
12692
12659
12628
12604
12568
12542
12513
12488
12462
12436
12408
12381
12361
12340
12321
12300
12282
12265
12251
12232
12211
12202
12190
12177
12169
12161
12148
12138
12133
12126
12119
12115
12114
12111
12109
12106
12109
12105
12109
12112
12113
12114
12118
12126
12134
12137
12138
12145
12155
12159
12169
12170
12179
12186
12189
12200
12210
12211
12218
12224
12232
12236
12241
12251
12257
12257
12264
12268
12270
12274
12276
12280
12283
12285
12288
12289
12291
12291
12294
12291
12292
12290
12285
12288
12286
12280
12276
12270
12269
12265
12264
12258
12251
12244
12240
12232
12224
12221
12213
12204
12198
12186
12180
12172
12161
12156
12148
12137
12128
12116
12105
12095
12084
12078
12065
12054
12046
12035
12025
12014
11998
11988
11979
11966
11956
11945
11934
11922
11911
11894
11886
11876
11864
11852
11841
11830
11816
11807
11796
11785
11774
11765
11753
11742
11734
11720
11712
11701
11694
11684
11672
11664
11657
11646
11634
11625
11616
11608
11598
11587
11573
11568
11556
11549
11539
11526
11521
11512
11502
11494
11486
11481
11468
11457
11448
11440
11430
11418
11411
11402
11396
11388
11385
11376
11366
11357
11344
11331
11324
11318
11310
11304
11297
11292
11288
11282
11284
11287
11293
11301
11314
11328
11348
11372
11403
11440
11473
11514
11562
11610
11662
11720
11778
11845
11910
11976
12049
12119
12195
12276
12355
12436
12524
12613
12697
12788
12876
12968
13059
13150
13246
13341
13438
13533
13630
13721
13814
13908
