1 3000 500
14002
14090
14176
14260
14341
14420
14497
14570
14642
14709
14771
14836
14888
14939
14987
15026
15065
15100
15128
15156
15176
15192
15205
15212
15222
15224
15225
15218
15212
15194
15182
15168
15150
15128
15108
15081
15056
15022
14993
14958
14929
14895
14862
14828
14792
14753
14715
14674
14636
14598
14561
14525
14482
14451
14406
14366
14328
14292
14255
14216
14179
14141
14105
14066
14028
13992
13954
13920
13882
13848
13809
13774
13740
13703
13667
13630
13594
13557
13522
13481
13446
13404
13366
13326
13292
13254
13216
13174
13136
13100
13060
13022
12985
12955
12920
12884
12852
12817
12786
12752
12724
12696
12669
12644
12613
12590
12562
12537
12517
12495
12470
12452
12430
12419
12394
12384
12370
12357
12342
12328
12314
12305
12296
12286
12280
12276
12268
12262
12256
12254
12254
12253
12252
12254
12256
12255
12255
12262
12262
12264
12266
12273
12276
12282
12289
12296
12303
12309
12316
12320
12328
12334
12340
12342
12348
12355
12358
12366
12369
12376
12381
12387
12392
12392
12393
12400
12405
12407
12412
12412
12412
12414
12413
12410
12412
12413
12413
12412
12410
12404
12404
12401
12400
12396
12388
12390
12384
12375
12372
12365
12360
12353
12347
12341
12334
12328
12318
12310
12300
12289
12281
12271
12260
12254
12242
12232
12222
12213
12206
12194
12184
12177
12161
12154
12142
12131
12120
12113
12102
12086
12076
12064
12050
12044
12033
12021
12014
12001
11988
11976
11968
11956
11942
11930
11920
11908
11897
11886
11875
11862
11852
11840
11829
11822
11813
11804
11794
11783
11774
11762
11754
11744
11732
11722
11714
11700
11694
11682
11677
11670
11660
11645
11641
11626
11617
11602
11598
11594
11584
11573
11564
11551
11543
11533
11523
11514
11508
11497
11487
11476
11470
11460
11450
11441
11433
11425
11417
11409
11402
11396
11388
11387
11386
11392
11394
11398
11408
11424
11445
11471
11502
11536
11574
11612
11658
11704
11757
11814
11876
11941
12009
12078
12154
12223
12297
12376
12456
12545
12627
12716
12804
12894
12985
13076
13169
13264
13354
13450
13548
13642
13738
13832
13930
14021
14113
14206
14292
14377
14465
14542
14621
14693
14766
14836
14898
14961
15014
15067
15112
15160
15201
15231
15264
15292
15313
15329
15348
15353
15359
15364
15358
15358
15352
15342
15325
15312
15292
15274
15252
15230
15206
15177
15148
15113
15082
15050
15016
14982
14944
14908
14873
14836
14798
14760
14728
14684
14641
14606
14564
14525
14490
14456
14415
14376
14340
14302
14265
14229
14191
14157
14118
14085
14047
14014
13980
13945
13907
13870
13834
13797
13761
13726
13686
13646
13605
13564
13532
13492
13456
13417
13377
13336
13297
13262
13221
13184
13147
13112
13075
13042
13006
12965
12936
12902
12872
12840
12808
12776
12750
12718
12694
12674
12648
12622
12604
12581
12559
12538
12520
12501
12484
12471
12452
12440
12422
12411
12399
12387
12378
12368
12360
12350
12345
12338
12334
12329
12329
12329
12329
12326
12326
12325
12325
12326
12329
12330
12334
12340
12344
12349
12349
12355
12360
12366
12372
12373
12380
12384
12390
12393
12400
12405
12408
12409
12410
12413
12416
12420
12417
12424
12430
12429
12430
12428
12430
12430
12433
12430
12430
12432
12424
12421
12419
12413
12410
12408
12408
12402
12398
12395
12390
12387
12377
12373
12366
12362
12352
12349
12340
12329
12325
12317
12306
12300
12292
12284
12278
12266
12260
12253
12245
12234
12221
12214
12203
12195
12184
12170
12160
12149
12142
12134
12126
12117
12104
12092
12082
12072
12061
12054
12040
12031
12024
12012
12003
11988
11981
11966
11954
11945
11934
11926
11913
11904
11890
11880
11866
11860
11846
11838
11828
11817
11806
11796
11784
11772
11763
11750
11747
11736
11726
11713
11706
11696
11682
11672
11664
11659
11649
11645
11630
11626
11612
11606
11596
11585
11578
11571
11563
11555
11546
11538
11523
11518
11512
11502
11494
11484
11475
11466
11454
11445
11442
11433
11425
11418
11412
11402
11392
11385
11376
11364
11356
11348
11344
11336
11332
11322
11314
11316
11317
11318
11324
11328
11342
11358
11377
11404
11436
11470
11512
11553
11601
11653
11706
11758
11822
11888
11960
12030
12101
12174
12259
12336
12426
12510
12598
12689
12780
12872
12965
13064
13158
13254
13356
13454
13554
13652
13755
13853
13949
14051
14146
14244
14337
14425
14514
14600
14684
14761
14838
14904
14974
15041
15101
15156
15205
15258
15298
15337
15370
15407
15430
15450
15469
15481
15486
15492
15496
15488
15484
15472
15461
15446
15430
15414
15390
15365
15338
15314
15286
15260
15226
15190
15156
15121
15082
15044
15008
14968
14929
14892
14852
14813
14772
14734
14695
14660
14618
14579
14542
14501
14465
14430
14387
14350
14312
14275
14238
14204
14163
14129
14094
14058
14025
13990
13953
13920
13884
13852
13818
13782
13745
13708
13672
13642
13601
13561
13528
13486
13450
13413
13372
13334
13299
13262
13224
13188
13150
13115
13078
13044
13010
12978
12947
12915
12884
12854
12824
12793
12766
12736
12708
12688
12662
12637
12618
12594
12574
12552
12537
12517
12501
12488
12468
12454
12441
12426
12419
12408
12398
12382
12377
12372
12358
12356
12353
12350
12348
12347
12339
12338
12336
12338
12337
12337
12342
12340
12341
12349
12344
12350
12349
12350
12356
12358
12359
12362
12368
12366
12371
12374
12378
12381
12381
12380
12382
12384
12387
12388
12390
12393
12392
12390
12392
12390
12390
12392
12386
12385
12382
12383
12378
12372
12369
12366
12366
12357
12350
12346
12348
12340
12336
12334
12325
12317
12314
12306
12295
12287
12283
12274
12268
12260
12254
12249
12238
12230
12220
12208
12202
12195
12190
12178
12166
12154
12147
12138
12131
12121
12112
12104
12093
12085
12074
12068
12056
12051
12039
12029
12020
12008
11998
11989
11980
11968
11958
11950
11936
11926
11913
11901
11892
11887
11872
11866
11858
11846
11834
11826
11815
11803
11795
11784
11773
11766
11752
11742
11731
11726
11713
11701
11692
11681
11667
11662
11647
11638
11630
11624
11612
11603
11595
11585
11573
11564
11554
11545
11534
11526
11514
11504
11494
11491
11481
11473
11462
11454
11448
11438
11430
11427
11417
11412
11401
11398
11390
11381
11374
11368
11359
11350
11342
11334
11325
11322
11312
11307
11301
11292
11282
11273
11265
11262
11256
11246
11236
11229
11224
11220
11212
11208
11197
11189
11182
11173
11168
11162
11156
11150
11152
11152
11154
11160
11168
11184
11202
11220
11246
11276
11311
11345
11389
11435
11488
11542
11598
11663
11722
11790
11860
11933
12010
12094
12170
12255
12338
12426
12512
12604
12700
12790
12886
12984
13082
13178
13276
13379
13480
13577
13681
13780
13881
13978
14076
14172
14269
14357
14441
14532
14617
14696
14772
14846
14915
14981
15043
15098
15150
15198
15238
15278
15315
15346
15371
15396
15412
15422
15430
15438
15441
15439
15432
15428
15421
15402
15387
15366
15342
15320
15294
15267
15241
15208
15174
15140
15110
15075
15040
15003
14964
14927
14892
14849
14811
14766
14728
14686
14653
14612
14570
14531
14493
14456
14420
14376
14340
14307
14265
14226
14192
14157
14120
14081
14048
14013
13977
13942
13907
13873
13839
13806
13774
13736
13701
13665
13628
13589
13552
13518
13477
13437
13398
13361
13322
13284
13245
13209
13176
13139
13106
13070
13036
13000
12968
12932
12904
12873
12841
12814
12784
12756
12725
12697
12673
12650
12622
12598
12576
12552
12530
12515
12490
12473
12450
12430
12412
12399
12382
12372
12360
12348
12334
12323
12312
12302
12291
12281
12278
12274
12268
12262
12257
12252
12247
12243
12244
12240
12241
12242
12239
12240
12240
12242
12242
12243
12243
12249
12248
12248
12253
12256
12254
12259
12261
12262
12266
12272
12270
12270
12272
12274
12277
12280
12280
12280
12280
12278
12277
12275
12273
12274
12273
12272
12271
12270
12264
12262
12260
12259
12254
12247
12252
12246
12239
12234
12230
12222
12218
12213
12204
12201
12194
12187
12182
12178
12170
12162
12156
12150
12146
12136
12128
12118
12109
12099
12090
12080
12070
12062
12052
12042
12030
12024
12012
12007
11997
11987
11974
11962
11956
11944
11942
11932
11926
11913
11902
11888
11886
11872
11862
11857
11847
11832
11822
11816
11804
11792
11785
11773
11766
11753
11742
11732
11724
11710
11704
11694
11689
11676
11664
11652
11642
11630
11625
11615
11606
11597
11588
11581
11569
11564
11554
11544
11534
11521
11513
11504
11496
11489
11477
11468
11457
11452
11443
11434
11428
11417
11410
11396
11385
11378
11364
11356
11345
11337
11328
11320
11312
11306
11295
11287
11278
11272
11262
11258
11251
11242
11237
11230
11221
11215
11211
11204
11200
11194
11184
11180
11172
11164
11161
11155
11148
11142
11134
11130
11123
11118
11108
11105
11101
11093
11090
11084
11078
11070
11065
11058
11054
11047
11042
11037
11029
11024
11018
11010
11005
11001
10992
10990
10979
10974
10973
10970
10964
10965
10966
10974
10984
10997
11015
11034
11058
11092
11122
11162
11203
11248
11296
11349
11402
11462
11528
11594
11662
11734
11807
11884
11958
12046
12127
12213
12302
12392
12483
12574
12664
12758
12852
12952
13049
13148
13249
13347
13448
13548
13651
13751
13849
13945
14035
14131
14219
14306
14392
14473
14554
14628
14700
14764
14832
14894
14948
14998
15040
15086
15124
15157
15186
15210
15235
15252
15265
15278
15286
15284
15284
15278
15273
15263
15252
15230
15214
15196
15172
15146
15119
15088
15062
15027
15000
14965
14932
14894
14856
14815
14781
14741
14705
14671
14628
14591
14553
14510
14472
14436
14398
14360
14322
14284
14241
14206
14170
14133
14094
14060
14023
13986
13953
13918
13885
13852
13818
13781
13744
13712
13682
13646
13609
13576
13538
13502
13468
13430
13392
13354
13316
13278
13238
13199
13158
13121
13087
13049
13010
12974
12938
12904
12872
12837
12804
12771
12736
12707
12680
12647
12621
12592
12565
12538
12515
12486
12466
12445
12421
12397
12374
12356
12336
12317
12294
12278
12264
12246
12233
12212
12200
12190
12177
12166
12158
12147
12137
12132
12124
12112
12109
12107
12104
12102
12092
12089
12084
12088
12085
12081
12081
12082
12078
12081
12083
12081
12082
12085
12086
12092
12090
12093
12092
12096
12100
12102
12102
12104
12107
12107
12111
12113
12110
12115
12118
12117
12122
12118
12123
12124
12122
12120
12118
12116
12116
12117
12116
12113
12113
12112
12108
12104
12100
12100
12099
12091
12089
12082
12078
12070
12067
12060
12054
12051
12046
12038
12030
12022
12017
12009
12004
11995
11990
11980
11972
11960
11958
11948
11942
11937
11925
11916
11904
11896
11884
11878
11872
11860
11858
11846
11833
11827
11815
11807
11798
11792
11782
11769
11763
11752
11745
11737
11721
11716
11708
11700
11688
11681
11666
11657
11647
11643
11634
11625
11615
11606
11594
11582
11578
11566
11556
11544
11537
11526
11520
11505
11496
11486
11476
11464
11454
11446
11436
11422
11413
11410
11404
11395
11384
11374
11361
11354
11346
11339
11331
11318
11314
11302
11292
11286
11274
11267
11258
11254
11244
11236
11228
11219
11208
11200
11194
11185
11174
11171
11162
11153
11144
11139
11134
11126
11118
11112
11102
11096
11088
11080
11073
11070
11062
11057
11050
11045
11040
11032
11022
11015
11012
11006
10997
10995
10985
10981
10974
10968
10964
10962
10954
10950
10945
10942
10937
10927
10921
10918
10912
10907
10896
10888
10885
10878
10878
10870
10865
10859
10852
10848
10842
10840
10830
10827
10824
10816
10819
10819
10826
10830
10842
10860
10878
10900
10928
10957
10992
11033
11077
11126
11172
11222
11278
11340
11396
11466
11536
11604
11676
11753
11831
11908
11988
12073
12159
12244
12335
12424
12512
12602
12694
12785
12881
12974
13070
13166
13266
13358
13456
13550
13644
13734
13820
13908
13996
14078
14158
14244
14318
14385
14454
14517
14578
14638
14686
14738
14782
14825
14862
14898
14926
14952
14972
14988
15004
15009
15017
15022
15017
15018
15010
15004
14990
14972
14959
14939
14922
14898
14871
14840
14810
14782
14756
14726
14691
14656
14624
14589
14556
14516
14480
14440
14404
14366
14328
14298
14260
14222
14186
14147
14109
14070
14034
13998
13960
13924
13886
13852
13816
13781
13746
13712
13674
13644
13604
13571
13539
13502
13467
13432
13393
13358
13321
13284
13245
13210
13173
13138
13097
13063
13027
12988
12950
12916
12882
12846
12810
12771
12734
12707
12669
12636
12605
12572
12540
12515
12486
12454
12430
12401
12374
12353
12328
12302
12281
12254
12234
12212
12194
12174
12158
12140
12119
12104
12085
12069
12055
12048
12037
12024
12011
11999
11992
11983
11978
11971
11964
11956
11953
11947
11940
11935
11934
11928
11926
11929
11930
11925
11921
11922
11922
11920
11921
11923
11926
11929
11928
11929
11932
11933
11938
11942
11944
11941
11947
11945
11950
11952
11953
11956
11955
11958
11961
11964
11962
11965
11965
11969
11968
11965
11965
11966
11966
11964
11960
11960
11960
11955
11952
11946
11945
11942
11938
11932
11928
11928
11925
11918
11918
11909
11902
11898
11893
11889
11878
11876
11870
11861
11858
11849
11839
11830
11822
11817
11808
11804
11791
11784
11776
11768
11756
11751
11744
11732
11718
11712
11702
11692
11686
11680
11668
11660
11649
11638
11632
11622
11614
11603
11593
11586
11578
11567
11558
11546
11539
11529
11516
11506
11496
11486
11482
11465
11454
11448
11438
11429
11420
11406
11398
11388
11379
11370
11363
11352
11340
11331
11322
11313
11302
11297
11288
11280
11265
11258
11248
11242
11235
11226
11217
11210
11203
11194
11185
11177
11169
11162
11153
11144
11133
11121
11114
11107
11097
11090
11082
11078
11068
11060
11052
11045
11037
11030
11024
11014
11006
10997
10988
10981
10972
10968
10962
10959
10950
10943
10936
10931
10926
10915
10914
10906
10899
10894
10887
10880
10873
10868
10864
10856
10851
10848
10842
10838
10834
10829
10823
10816
10812
10808
10801
10798
10787
10780
10772
10764
10763
10758
10749
10742
10736
10729
10728
10720
10718
10710
10707
10702
10700
10694
10688
10693
10696
10704
10713
10725
10740
10758
10784
10812
10837
10873
10914
10954
10997
11047
11096
11145
11203
11262
11325
11386
11458
11533
11601
11678
11754
11836
11913
11994
12080
12163
12245
12330
12420
12504
12598
12688
12778
12864
12957
13056
13141
13230
13318
13409
13494
13580
13661
13744
13821
13901
13978
14046
14112
14174
14232
14290
14346
14394
14440
14481
14518
14552
14588
14614
14636
14654
14670
14676
14691
14696
14697
14693
14686
14675
14667
14655
14638
14619
14596
14580
14554
14531
14505
14472
14440
14408
14374
14340
14307
14270
14235
14200
14164
14126
14089
14051
14012
13975
13936
13902
13866
13828
13789
13749
13714
13673
13640
13606
13569
13533
13497
13460
13426
13390
13352
13318
13277
13246
13211
13176
13140
13106
13070
13032
12996
12962
12920
12890
12852
12818
12780
12741
12705
12670
12634
12596
12565
12529
12497
12465
12432
12401
12374
12340
12312
12284
12256
12230
12201
12176
12150
12126
12104
12079
12058
12033
12020
12006
11984
11966
11952
11935
11920
11902
11894
11878
11869
11857
11846
11839
11829
11824
11817
11814
11806
11800
11794
11790
11792
11791
11788
11785
11782
11784
11785
11782
11782
11790
11790
11792
11798
11800
11805
11802
11805
11808
11812
11820
11825
11828
11833
11833
11836
11839
11847
11854
11861
11860
11866
11869
11872
11875
11881
11882
11887
11886
11886
11884
11884
11886
11889
11886
11882
11881
11881
11883
11882
11881
11875
11872
11867
11864
11862
11861
11860
11857
11851
11846
11841
11838
11837
11834
11826
11822
11813
11801
11796
11792
11780
11774
11769
11761
11750
11744
11737
11731
11721
11710
11704
11694
11683
11670
11660
11653
11644
11635
11624
11614
11602
11597
11590
11580
11570
11557
11552
11544
11536
11525
11510
11502
11497
11484
11471
11460
11452
11442
11433
11425
11414
11410
11400
11393
11384
11374
11364
11354
11342
11333
11324
11317
11308
11300
11290
11281
11272
11260
11256
11244
11240
11230
11221
11214
11203
11197
11189
11182
11172
11164
11157
11150
11139
11128
11121
11112
11108
11100
11094
11087
11080
11073
11064
11056
11046
11043
11034
11024
11018
11012
11004
11000
10992
10986
10978
10969
10960
10956
10950
10946
10931
10932
10927
10921
10918
10910
10904
10898
10894
10890
10886
10877
10866
10863
10854
10848
10847
10840
10833
10830
10824
10816
10809
10802
10792
10790
10782
10777
10770
10762
10758
10753
10749
10746
10750
10750
10750
10753
10762
10770
10783
10801
10825
10845
10877
10909
10942
10981
11020
11073
11118
11167
11225
11283
11340
11400
11468
11534
11603
11676
11747
11820
11894
11976
12053
12131
12212
12296
12380
12462
12545
12627
12712
12802
12886
12974
13056
13141
13226
13310
13391
13471
13552
13628
13703
13774
13845
13914
13976
14032
14094
14148
14196
14245
14289
14325
14362
14392
14420
14444
14465
14480
14492
14505
14513
14518
14517
14510
14504
14494
14482
14468
14452
14431
14409
14384
14364
14334
14308
14280
14248
14217
14179
14150
14117
14083
14047
14013
13974
13940
13898
13865
13825
13786
13748
13713
13674
13640
13599
13566
13528
13490
13452
13413
13379
13344
13309
13273
13234
13202
13166
13129
13090
13056
13016
12979
12945
12912
12874
12840
12803
12762
12724
12686
12646
12614
12574
12539
12504
12472
12438
12402
12374
12341
12312
12286
12257
12225
12200
12174
12146
12118
12094
12068
12044
12025
12003
11982
11961
11938
11925
11905
11891
11876
11863
11848
11833
11820
11811
11798
11791
11780
11773
11768
11760
11754
11752
11748
11746
11742
11741
11736
11733
11738
11742
11741
11742
11741
11748
11749
11754
11755
11761
11764
11768
11776
11779
11786
11790
11796
11802
11806
11809
11811
11816
11824
11830
11834
11836
11841
11846
11851
11855
11856
11858
11864
11865
11869
11870
11873
11881
11876
11878
11881
11881
11878
11880
11880
11880
11877
11876
11869
11868
11866
11862
11864
11860
11857
11857
11848
11843
11836
11834
11832
11826
11822
11815
11806
11802
11800
11787
11782
11779
11768
11764
11753
11742
11737
11726
11720
11710
11699
11692
11686
11675
11664
11656
11646
11635
11630
11619
11608
11601
11588
11578
11566
11560
11552
11541
11529
11520
11509
11502
11491
11477
11468
11460
11450
11443
11434
11420
11411
11401
11395
11387
11378
11366
11357
11346
11336
11327
11316
11310
11303
11296
11289
11278
11269
11262
11252
11244
11240
11232
11220
11212
11201
11192
11178
11169
11168
11161
11154
11144
11137
11132
11124
11114
11110
11100
11094
11088
11085
11075
11073
11070
11062
11056
11049
11043
11036
11030
11019
11014
11006
11001
10993
10985
10984
10974
10969
10958
10952
10948
10942
10934
10931
10926
10920
10914
10905
10899
10890
10880
10879
10873
10866
10858
10854
10848
10843
10838
10834
10834
10827
10825
10832
10834
10840
10846
10865
10875
10904
10921
10953
10980
11018
11056
11102
11147
11193
11242
11299
11360
11418
11485
11551
11610
11677
11750
11815
11892
11966
12044
12118
12196
12278
12356
12438
12520
12606
